{
"json_results" :
  {
  "energy" :
    -7.5794454038715429e+01,
  "converged" :
    true,
  "n_iter" :
    9,
  "ao_basis" :
 { 
   "__Basis" : { 
     "n_functions" : 24, 
     "electron_shells" : [
 { 
   "angular_momentum" : 0,
   "exponents" : [
   2.2661767785000002e+03,
   3.4087010191000002e+02,
   7.7363135166999996e+01,
   2.1479644940000000e+01,
   6.6589433123999999e+00
],
   "coefficients" : [
  [
    -5.3893503921742976e-03,
    -4.0234721388960164e-02,
    -1.8008184205525829e-01,
    -4.6828857657650924e-01,
    -4.4692617160187309e-01
  ]
],
   "function_type" : "gto_spherical",
   "center" : [
   0.0000000000000000e+00,
   0.0000000000000000e+00,
  -1.2947693993318282e-01
],
   "radial_threshold" :  9.9999999999999995e-07,
   "center_index" : 0,
   "normalized_primitives" : true
   }, 
 { 
   "angular_momentum" : 0,
   "exponents" : [
   8.0975975668000000e-01
],
   "coefficients" : [
  [
     1.0000000000000002e+00
  ]
],
   "function_type" : "gto_spherical",
   "center" : [
   0.0000000000000000e+00,
   0.0000000000000000e+00,
  -1.2947693993318282e-01
],
   "radial_threshold" :  9.9999999999999995e-07,
   "center_index" : 0,
   "normalized_primitives" : true
   }, 
 { 
   "angular_momentum" : 0,
   "exponents" : [
   2.5530772233999999e-01
],
   "coefficients" : [
  [
     1.0000000000000000e+00
  ]
],
   "function_type" : "gto_spherical",
   "center" : [
   0.0000000000000000e+00,
   0.0000000000000000e+00,
  -1.2947693993318282e-01
],
   "radial_threshold" :  9.9999999999999995e-07,
   "center_index" : 0,
   "normalized_primitives" : true
   }, 
 { 
   "angular_momentum" : 1,
   "exponents" : [
   1.7721504317000001e+01,
   3.8635505440000002e+00,
   1.0480920883000000e+00
],
   "coefficients" : [
  [
     6.2630248763161048e-02,
     3.3331138482351780e-01,
     7.4148638308122361e-01
  ]
],
   "function_type" : "gto_spherical",
   "center" : [
   0.0000000000000000e+00,
   0.0000000000000000e+00,
  -1.2947693993318282e-01
],
   "radial_threshold" :  9.9999999999999995e-07,
   "center_index" : 0,
   "normalized_primitives" : true
   }, 
 { 
   "angular_momentum" : 1,
   "exponents" : [
   2.7641544411000002e-01
],
   "coefficients" : [
  [
     1.0000000000000000e+00
  ]
],
   "function_type" : "gto_spherical",
   "center" : [
   0.0000000000000000e+00,
   0.0000000000000000e+00,
  -1.2947693993318282e-01
],
   "radial_threshold" :  9.9999999999999995e-07,
   "center_index" : 0,
   "normalized_primitives" : true
   }, 
 { 
   "angular_momentum" : 2,
   "exponents" : [
   1.2000000000000000e+00
],
   "coefficients" : [
  [
     1.0000000000000000e+00
  ]
],
   "function_type" : "gto_spherical",
   "center" : [
   0.0000000000000000e+00,
   0.0000000000000000e+00,
  -1.2947693993318282e-01
],
   "radial_threshold" :  9.9999999999999995e-07,
   "center_index" : 0,
   "normalized_primitives" : true
   }, 
 { 
   "angular_momentum" : 0,
   "exponents" : [
   1.3010700999999999e+01,
   1.9622572000000000e+00,
   4.4453796000000001e-01
],
   "coefficients" : [
  [
     3.3485484812988658e-02,
     2.3472187088124863e-01,
     8.1377028525955364e-01
  ]
],
   "function_type" : "gto_spherical",
   "center" : [
   0.0000000000000000e+00,
  -1.4941873392358804e+00,
   1.0274465094732790e+00
],
   "radial_threshold" :  9.9999999999999995e-07,
   "center_index" : 1,
   "normalized_primitives" : true
   }, 
 { 
   "angular_momentum" : 0,
   "exponents" : [
   1.2194961999999999e-01
],
   "coefficients" : [
  [
     1.0000000000000000e+00
  ]
],
   "function_type" : "gto_spherical",
   "center" : [
   0.0000000000000000e+00,
  -1.4941873392358804e+00,
   1.0274465094732790e+00
],
   "radial_threshold" :  9.9999999999999995e-07,
   "center_index" : 1,
   "normalized_primitives" : true
   }, 
 { 
   "angular_momentum" : 1,
   "exponents" : [
   8.0000000000000004e-01
],
   "coefficients" : [
  [
     1.0000000000000000e+00
  ]
],
   "function_type" : "gto_spherical",
   "center" : [
   0.0000000000000000e+00,
  -1.4941873392358804e+00,
   1.0274465094732790e+00
],
   "radial_threshold" :  9.9999999999999995e-07,
   "center_index" : 1,
   "normalized_primitives" : true
   }, 
 { 
   "angular_momentum" : 0,
   "exponents" : [
   1.3010700999999999e+01,
   1.9622572000000000e+00,
   4.4453796000000001e-01
],
   "coefficients" : [
  [
     3.3485484812988658e-02,
     2.3472187088124863e-01,
     8.1377028525955364e-01
  ]
],
   "function_type" : "gto_spherical",
   "center" : [
   0.0000000000000000e+00,
   1.4941873392358804e+00,
   1.0274465094732790e+00
],
   "radial_threshold" :  9.9999999999999995e-07,
   "center_index" : 2,
   "normalized_primitives" : true
   }, 
 { 
   "angular_momentum" : 0,
   "exponents" : [
   1.2194961999999999e-01
],
   "coefficients" : [
  [
     1.0000000000000000e+00
  ]
],
   "function_type" : "gto_spherical",
   "center" : [
   0.0000000000000000e+00,
   1.4941873392358804e+00,
   1.0274465094732790e+00
],
   "radial_threshold" :  9.9999999999999995e-07,
   "center_index" : 2,
   "normalized_primitives" : true
   }, 
 { 
   "angular_momentum" : 1,
   "exponents" : [
   8.0000000000000004e-01
],
   "coefficients" : [
  [
     1.0000000000000000e+00
  ]
],
   "function_type" : "gto_spherical",
   "center" : [
   0.0000000000000000e+00,
   1.4941873392358804e+00,
   1.0274465094732790e+00
],
   "radial_threshold" :  9.9999999999999995e-07,
   "center_index" : 2,
   "normalized_primitives" : true
   }
     ]
   }
 }
,
  "structure" :
{ "__Atoms": { 
  "atoms" : [ 
[
"O", [
   0.0000000000000000e+00,
   0.0000000000000000e+00,
  -1.2947693993318282e-01
]
],
[
"H", [
   0.0000000000000000e+00,
  -1.4941873392358804e+00,
   1.0274465094732790e+00
]
],
[
"H", [
   0.0000000000000000e+00,
   1.4941873392358804e+00,
   1.0274465094732790e+00
]
]
]
}
}
,
  "multiplicity" :
     1.0000000000000000e+00,
  "scf_iterations" :
    {
    "iteration_0" :
      {
      "iteration" :
        0,
      "energy" :
        -7.5778039848844685e+01,
      "norm_orbital_gradient" :
         4.5715805624744519e+00
      },
    "iteration_1" :
      {
      "iteration" :
        1,
      "energy" :
        -7.5708082541177305e+01,
      "energy_change" :
         6.9957307667380064e-02,
      "norm_orbital_gradient" :
         9.3139376445485966e-01
      },
    "iteration_2" :
      {
      "iteration" :
        2,
      "energy" :
        -7.5485657225835624e+01,
      "energy_change" :
         2.2242531534168108e-01,
      "norm_orbital_gradient" :
         1.7346505207715033e+00
      },
    "iteration_3" :
      {
      "iteration" :
        3,
      "energy" :
        -7.5778684866657585e+01,
      "energy_change" :
        -2.9302764082196120e-01,
      "norm_orbital_gradient" :
         4.1247980045641647e-01
      },
    "iteration_4" :
      {
      "iteration" :
        4,
      "energy" :
        -7.5786895654825486e+01,
      "energy_change" :
        -8.2107881679007733e-03,
      "norm_orbital_gradient" :
         2.7597996638408478e-01
      },
    "iteration_5" :
      {
      "iteration" :
        5,
      "energy" :
        -7.5794082592487229e+01,
      "energy_change" :
        -7.1869376617428316e-03,
      "norm_orbital_gradient" :
         5.9562360165711474e-02
      },
    "iteration_6" :
      {
      "iteration" :
        6,
      "energy" :
        -7.5793398204219059e+01,
      "energy_change" :
         6.8438826816930032e-04,
      "norm_orbital_gradient" :
         1.0246272529825602e-01
      },
    "iteration_7" :
      {
      "iteration" :
        7,
      "energy" :
        -7.5794454037215843e+01,
      "energy_change" :
        -1.0558329967835789e-03,
      "norm_orbital_gradient" :
         1.1933648817610266e-04
      },
    "iteration_8" :
      {
      "iteration" :
        8,
      "energy" :
        -7.5794454038704899e+01,
      "energy_change" :
        -1.4890559896230116e-09,
      "norm_orbital_gradient" :
         1.0703226257175160e-05
      },
    "iteration_9" :
      {
      "iteration" :
        9,
      "energy" :
        -7.5794454038715401e+01,
      "energy_change" :
        -1.0501821634534281e-11,
      "norm_orbital_gradient" :
         9.0980161562064409e-08
      }
    },
  "n_channels" :
    1,
  "homo" :
    -2.2821818021444740e-01,
  "lumo" :
     1.7741921824631020e-02,
  "density" :
    [
      [
         2.1266239891854211e+00,
         2.5790711760812735e-01,
         2.7855649272433092e-01,
        -6.5293175071630282e-10,
        -5.8322242673055746e-02,
         2.8975500942206973e-10,
        -8.2385379318221183e-10,
        -7.1001002655702500e-02,
         2.0765538784365548e-10,
        -9.3343799934090914e-04,
         2.1153038256380481e-11,
        -2.6300577637281670e-03,
         1.0016037733119395e-10,
         1.1334773950008089e-16,
         6.6255676706656635e-02,
        -1.3911046531536299e-02,
        -1.8487158215205389e-11,
        -1.5644921753150350e-02,
         1.6734386834619031e-02,
         6.6255676131324243e-02,
        -1.3911048377459634e-02,
        -1.8487133722329051e-11,
        -1.5644921811399301e-02,
        -1.6734386958542319e-02
      ], 
      [
         2.5790711760812735e-01,
         6.8683340201922405e-01,
         4.7032428131711229e-01,
         2.9907604627043670e-09,
        -9.4975748669780785e-02,
         5.4740449681686038e-09,
         1.6753445517747234e-09,
        -1.3683427817079216e-01,
         2.3019061511410092e-09,
        -7.6565464341022578e-03,
         1.8424332593033322e-10,
        -4.3647137491063951e-03,
         3.9001338958442424e-10,
        -1.9623968642507510e-17,
         1.2406255263677660e-01,
        -1.4768718328344413e-02,
         1.6195740123458420e-10,
        -2.1421970201448447e-02,
         2.1806749674738723e-02,
         1.2406255764013445e-01,
        -1.4768719057146528e-02,
         1.6195786478014320e-10,
        -2.1421970836639537e-02,
        -2.1806750203958544e-02
      ], 
      [
         2.7855649272433092e-01,
         4.7032428131711229e-01,
         4.3628668284245675e-01,
        -2.6544717309604620e-08,
        -3.2420118317301433e-01,
        -2.4448506520824122e-08,
        -2.1720234986988701e-08,
        -2.4933063560374058e-01,
        -4.3795234755640429e-09,
        -4.2001167828747011e-03,
        -8.4325939641628514e-10,
        -1.1902311369900338e-02,
        -3.5815511003245403e-10,
        -5.6099468128011907e-17,
        -3.0072992319903877e-02,
        -4.5996315209162669e-02,
        -1.2066210105577338e-09,
        -1.9371566604942346e-02,
         5.7068614685124193e-04,
        -3.0073024266461110e-02,
        -4.5996351935489982e-02,
        -1.2066205496411776e-09,
        -1.9371562685284817e-02,
        -5.7068353963957662e-04
      ], 
      [
        -6.5293175071630282e-10,
         2.9907604627043670e-09,
        -2.6544717309604620e-08,
         8.0578005426455845e-01,
        -3.6851590412668908e-09,
        -8.0508789064543615e-16,
         6.2887677771854222e-01,
        -9.0595703365237746e-09,
        -1.6610381273406436e-15,
         7.7604162747510352e-10,
         2.5408021338905032e-02,
        -3.5012043810255508e-10,
        -2.0090785297891631e-16,
        -1.2544226709463135e-10,
        -3.8665320604454120e-10,
         1.9296516275209268e-08,
         3.8865022749118718e-02,
        -1.0366531040216344e-09,
         1.5699109253457165e-09,
        -3.8665271398125997e-10,
         1.9296520814799674e-08,
         3.8865022411366891e-02,
        -1.0366535046065680e-09,
        -1.5699112324530003e-09
      ], 
      [
        -5.8322242673055746e-02,
        -9.4975748669780785e-02,
        -3.2420118317301433e-01,
        -3.6851590412668908e-09,
         6.2362326324659167e-01,
        -4.1765605990750422e-09,
        -1.4865193255054005e-09,
         3.8487858163302419e-01,
        -1.5900019013678609e-08,
        -1.1986955234125165e-03,
         3.2646110420960352e-11,
         2.1577423771985505e-02,
        -1.4980979936208030e-09,
         1.1217483568766186e-16,
         2.5700377987257694e-01,
         8.6006131106737008e-02,
        -3.2515012706990864e-10,
         1.3265462627882535e-02,
         3.1870599253171358e-02,
         2.5700377564105209e-01,
         8.6006184898928667e-02,
        -3.2515052539109830e-10,
         1.3265459039664832e-02,
        -3.1870602855012052e-02
      ], 
      [
         2.8975500942206973e-10,
         5.4740449681686038e-09,
        -2.4448506520824122e-08,
        -8.0508789064543615e-16,
        -4.1765605990750422e-09,
         5.1320382089539796e-01,
        -4.2158688336633921e-16,
        -1.0958852078669890e-08,
         2.1724800634090172e-01,
         9.7789970418105969e-10,
        -9.5765541943576698e-18,
        -3.1620924711402325e-10,
         2.1417919925202523e-02,
         1.1328188892648689e-10,
        -3.1905580168815445e-01,
        -1.1677498011704274e-01,
        -3.0813492080210697e-11,
         2.4235088147379420e-02,
        -1.2258667370106540e-02,
         3.1905580378320447e-01,
         1.1677500903136001e-01,
         3.0813334406701055e-11,
        -2.4235090901216921e-02,
        -1.2258672321035091e-02
      ], 
      [
        -8.2385379318221183e-10,
         1.6753445517747234e-09,
        -2.1720234986988701e-08,
         6.2887677771854222e-01,
        -1.4865193255054005e-09,
        -4.2158688336633921e-16,
         4.9081135659856945e-01,
        -6.1609220000147698e-09,
        -1.2388923410855849e-15,
         6.0819281464992825e-10,
         1.9829871071204746e-02,
        -2.2445478006408885e-10,
        -1.5109444190939684e-16,
        -9.7902310069193356e-11,
         1.6208274549392267e-10,
         1.5252905892504128e-08,
         3.0332483589124565e-02,
        -7.6653414307270164e-10,
         1.2784415502745126e-09,
         1.6208338984485199e-10,
         1.5252909650134162e-08,
         3.0332483325523751e-02,
        -7.6653448362994733e-10,
        -1.2784418077415605e-09
      ], 
      [
        -7.1001002655702500e-02,
        -1.3683427817079216e-01,
        -2.4933063560374058e-01,
        -9.0595703365237746e-09,
         3.8487858163302419e-01,
        -1.0958852078669890e-08,
        -6.1609220000147698e-09,
         2.4665101390470437e-01,
        -1.3107400108215928e-08,
         1.6662396909094778e-04,
        -2.0694625895130358e-10,
         1.3442937956590748e-02,
        -1.2696327257434810e-09,
         6.8440794464506440e-17,
         1.3953909207021639e-01,
         5.3289918484055815e-02,
        -5.2739234079635361e-10,
         1.0465511288776395e-02,
         1.6538651187407275e-02,
         1.3953907923095402e-01,
         5.3289947252633051e-02,
        -5.2739263122439006e-10,
         1.0465509950540602e-02,
        -1.6538652910996241e-02
      ], 
      [
         2.0765538784365548e-10,
         2.3019061511410092e-09,
        -4.3795234755640429e-09,
        -1.6610381273406436e-15,
        -1.5900019013678609e-08,
         2.1724800634090172e-01,
        -1.2388923410855849e-15,
        -1.3107400108215928e-08,
         9.1964818533017814e-02,
         4.6600032924282561e-10,
        -4.9422759556778303e-17,
        -6.1930314153176928e-10,
         9.0665739697751019e-03,
         4.7954172439463673e-11,
        -1.3506181612113830e-01,
        -4.9432859976679018e-02,
        -1.3043941623669356e-11,
         1.0259129507153198e-02,
        -5.1893056013161210e-03,
         1.3506180429496975e-01,
         4.9432868331627230e-02,
         1.3043754231836288e-11,
        -1.0259131145937898e-02,
        -5.1893060765746358e-03
      ], 
      [
        -9.3343799934090914e-04,
        -7.6565464341022578e-03,
        -4.2001167828747011e-03,
         7.7604162747510352e-10,
        -1.1986955234125165e-03,
         9.7789970418105969e-10,
         6.0819281464992825e-10,
         1.6662396909094778e-04,
         4.6600032924282561e-10,
         9.5400787759189587e-05,
         2.2884098025672461e-11,
        -2.9095017098518095e-05,
         4.3803732294219416e-11,
         3.0781645999147363e-20,
        -2.3694483393377551e-03,
        -1.5064938847965899e-04,
         3.7770200012761201e-11,
         1.9409508034864585e-04,
        -3.6308260458883546e-04,
        -2.3694471061758179e-03,
        -1.5064911067900493e-04,
         3.7770195721426171e-11,
         1.9409500397108030e-04,
         3.6308257491007764e-04
      ], 
      [
         2.1153038256380481e-11,
         1.8424332593033322e-10,
        -8.4325939641628514e-10,
         2.5408021338905032e-02,
         3.2646110420960352e-11,
        -9.5765541943576698e-18,
         1.9829871071204746e-02,
        -2.0694625895130358e-10,
        -4.9422759556778303e-17,
         2.2884098025672461e-11,
         8.0117092119817712e-04,
        -6.0720336330623493e-12,
        -5.9980880348641832e-18,
        -3.9554712011952330e-12,
         7.6688256859398429e-11,
         6.2867392031678200e-10,
         1.2254998397148479e-03,
        -3.2820743714328444e-11,
         6.1642413253113232e-11,
         7.6688291983233571e-11,
         6.2867408483768634e-10,
         1.2254998290647885e-03,
        -3.2820758911712792e-11,
        -6.1642424742314283e-11
      ], 
      [
        -2.6300577637281670e-03,
        -4.3647137491063951e-03,
        -1.1902311369900338e-02,
        -3.5012043810255508e-10,
         2.1577423771985505e-02,
        -3.1620924711402325e-10,
        -2.2445478006408885e-10,
         1.3442937956590748e-02,
        -6.1930314153176928e-10,
        -2.9095017098518095e-05,
        -6.0720336330623493e-12,
         7.4833327255555224e-04,
        -5.8933578466033345e-11,
         3.8701064091940824e-18,
         8.6274333970722990e-03,
         2.9790496869798047e-03,
        -2.1979991906058826e-11,
         4.9086494219959757e-04,
         1.0589283445286372e-03,
         8.6274330398531697e-03,
         2.9790514614822156e-03,
        -2.1980006245245214e-11,
         4.9086483544002286e-04,
        -1.0589284595760007e-03
      ], 
      [
         1.0016037733119395e-10,
         3.9001338958442424e-10,
        -3.5815511003245403e-10,
        -2.0090785297891631e-16,
        -1.4980979936208030e-09,
         2.1417919925202523e-02,
        -1.5109444190939684e-16,
        -1.2696327257434810e-09,
         9.0665739697751019e-03,
         4.3803732294219416e-11,
        -5.9980880348641832e-18,
        -5.8933578466033345e-11,
         8.9385011421395336e-04,
         4.7276780242398048e-12,
        -1.3315395597469710e-02,
        -4.8734580008907326e-03,
        -1.2859703295774182e-12,
         1.0114210813843734e-03,
        -5.1160022786157972e-04,
         1.3315394573739141e-02,
         4.8734588427621055e-03,
         1.2859482361078384e-12,
        -1.0114212501707823e-03,
        -5.1160029579719823e-04
      ], 
      [
         1.1334773950008089e-16,
        -1.9623968642507510e-17,
        -5.6099468128011907e-17,
        -1.2544226709463135e-10,
         1.1217483568766186e-16,
         1.1328188892648689e-10,
        -9.7902310069193356e-11,
         6.8440794464506440e-17,
         4.7954172439463673e-11,
         3.0781645999147363e-20,
        -3.9554712011952330e-12,
         3.8701064091940824e-18,
         4.7276780242398048e-12,
         4.4533850665711068e-20,
        -7.0426637617817697e-11,
        -2.5776277431448961e-11,
        -6.0504309383336937e-12,
         5.3495269965450786e-12,
        -2.7059072203213785e-12,
         7.0426733051926874e-11,
         2.5776308212469863e-11,
        -6.0504308721499704e-12,
        -5.3495231969052546e-12,
        -2.7059202809225587e-12
      ], 
      [
         6.6255676706656635e-02,
         1.2406255263677660e-01,
        -3.0072992319903877e-02,
        -3.8665320604454120e-10,
         2.5700377987257694e-01,
        -3.1905580168815445e-01,
         1.6208274549392267e-10,
         1.3953909207021639e-01,
        -1.3506181612113830e-01,
        -2.3694483393377551e-03,
         7.6688256859398429e-11,
         8.6274333970722990e-03,
        -1.3315395597469710e-02,
        -7.0426637617817697e-11,
         3.4432313628759226e-01,
         1.0756000073240211e-01,
        -6.1377568757875069e-11,
        -1.4415465059176269e-02,
         2.7371495995680825e-02,
        -5.2387101566262896e-02,
        -3.7636631763228200e-02,
        -9.9690673799546047e-11,
         1.5718158797536321e-02,
        -1.2129211660826554e-02
      ], 
      [
        -1.3911046531536299e-02,
        -1.4768718328344413e-02,
        -4.5996315209162669e-02,
         1.9296516275209268e-08,
         8.6006131106737008e-02,
        -1.1677498011704274e-01,
         1.5252905892504128e-08,
         5.3289918484055815e-02,
        -4.9432859976679018e-02,
        -1.5064938847965899e-04,
         6.2867392031678200e-10,
         2.9790496869798047e-03,
        -4.8734580008907326e-03,
        -2.5776277431448961e-11,
         1.0756000073240211e-01,
         3.8450255442192688e-02,
         9.1741636461288005e-10,
        -3.6181200956418853e-03,
         7.0930526310818871e-03,
        -3.7636638374621806e-02,
        -1.4691966605470352e-02,
         9.0339366279315255e-10,
         7.4108389327846328e-03,
        -1.5143498416336719e-03
      ], 
      [
        -1.8487158215205389e-11,
         1.6195740123458420e-10,
        -1.2066210105577338e-09,
         3.8865022749118718e-02,
        -3.2515012706990864e-10,
        -3.0813492080210697e-11,
         3.0332483589124565e-02,
        -5.2739234079635361e-10,
        -1.3043941623669356e-11,
         3.7770200012761201e-11,
         1.2254998397148479e-03,
        -2.1979991906058826e-11,
        -1.2859703295774182e-12,
        -6.0504309383336937e-12,
        -6.1377568757875069e-11,
         9.1741636461288005e-10,
         1.8745686062782369e-03,
        -5.4457883195218196e-11,
         6.8740635106149669e-11,
        -9.9690631234283208e-11,
         9.0339391235560448e-10,
         1.8745685899875231e-03,
        -5.1547686300371396e-11,
        -6.7268594696779499e-11
      ], 
      [
        -1.5644921753150350e-02,
        -2.1421970201448447e-02,
        -1.9371566604942346e-02,
        -1.0366531040216344e-09,
         1.3265462627882535e-02,
         2.4235088147379420e-02,
        -7.6653414307270164e-10,
         1.0465511288776395e-02,
         1.0259129507153198e-02,
         1.9409508034864585e-04,
        -3.2820743714328444e-11,
         4.9086494219959757e-04,
         1.0114210813843734e-03,
         5.3495269965450786e-12,
        -1.4415465059176269e-02,
        -3.6181200956418853e-03,
        -5.4457883195218196e-11,
         2.0121655820119345e-03,
        -7.0527401907688437e-04,
         1.5718159072723843e-02,
         7.4108412469937896e-03,
        -5.1547690989533532e-11,
        -2.7674780178007000e-04,
        -4.5251143193602737e-04
      ], 
      [
         1.6734386834619031e-02,
         2.1806749674738723e-02,
         5.7068614685124193e-04,
         1.5699109253457165e-09,
         3.1870599253171358e-02,
        -1.2258667370106540e-02,
         1.2784415502745126e-09,
         1.6538651187407275e-02,
        -5.1893056013161210e-03,
        -3.6308260458883546e-04,
         6.1642413253113232e-11,
         1.0589283445286372e-03,
        -5.1160022786157972e-04,
        -2.7059072203213785e-12,
         2.7371495995680825e-02,
         7.0930526310818871e-03,
         6.8740635106149669e-11,
        -7.0527401907688437e-04,
         3.0264447911810327e-03,
         1.2129212896738604e-02,
         1.5143528168204085e-03,
         6.7268577133158336e-11,
         4.5251097509923870e-04,
        -2.4408104242318747e-03
      ], 
      [
         6.6255676131324243e-02,
         1.2406255764013445e-01,
        -3.0073024266461110e-02,
        -3.8665271398125997e-10,
         2.5700377564105209e-01,
         3.1905580378320447e-01,
         1.6208338984485199e-10,
         1.3953907923095402e-01,
         1.3506180429496975e-01,
        -2.3694471061758179e-03,
         7.6688291983233571e-11,
         8.6274330398531697e-03,
         1.3315394573739141e-02,
         7.0426733051926874e-11,
        -5.2387101566262896e-02,
        -3.7636638374621806e-02,
        -9.9690631234283208e-11,
         1.5718159072723843e-02,
         1.2129212896738604e-02,
         3.4432313887407751e-01,
         1.0756004357017473e-01,
        -6.1377663771162301e-11,
        -1.4415468620290681e-02,
        -2.7371500880354678e-02
      ], 
      [
        -1.3911048377459634e-02,
        -1.4768719057146528e-02,
        -4.5996351935489982e-02,
         1.9296520814799674e-08,
         8.6006184898928667e-02,
         1.1677500903136001e-01,
         1.5252909650134162e-08,
         5.3289947252633051e-02,
         4.9432868331627230e-02,
        -1.5064911067900493e-04,
         6.2867408483768634e-10,
         2.9790514614822156e-03,
         4.8734588427621055e-03,
         2.5776308212469863e-11,
        -3.7636631763228200e-02,
        -1.4691966605470352e-02,
         9.0339391235560448e-10,
         7.4108412469937896e-03,
         1.5143528168204085e-03,
         1.0756004357017473e-01,
         3.8450283929425969e-02,
         9.1741649015234454e-10,
        -3.6181216065142097e-03,
        -7.0930580311233948e-03
      ], 
      [
        -1.8487133722329051e-11,
         1.6195786478014320e-10,
        -1.2066205496411776e-09,
         3.8865022411366891e-02,
        -3.2515052539109830e-10,
         3.0813334406701055e-11,
         3.0332483325523751e-02,
        -5.2739263122439006e-10,
         1.3043754231836288e-11,
         3.7770195721426171e-11,
         1.2254998290647885e-03,
        -2.1980006245245214e-11,
         1.2859482361078384e-12,
        -6.0504308721499704e-12,
        -9.9690673799546047e-11,
         9.0339366279315255e-10,
         1.8745685899875231e-03,
        -5.1547690989533532e-11,
         6.7268577133158336e-11,
        -6.1377663771162301e-11,
         9.1741649015234454e-10,
         1.8745685736968095e-03,
        -5.4457917077517614e-11,
        -6.8740641536627324e-11
      ], 
      [
        -1.5644921811399301e-02,
        -2.1421970836639537e-02,
        -1.9371562685284817e-02,
        -1.0366535046065680e-09,
         1.3265459039664832e-02,
        -2.4235090901216921e-02,
        -7.6653448362994733e-10,
         1.0465509950540602e-02,
        -1.0259131145937898e-02,
         1.9409500397108030e-04,
        -3.2820758911712792e-11,
         4.9086483544002286e-04,
        -1.0114212501707823e-03,
        -5.3495231969052546e-12,
         1.5718158797536321e-02,
         7.4108389327846328e-03,
        -5.1547686300371396e-11,
        -2.7674780178007000e-04,
         4.5251097509923870e-04,
        -1.4415468620290681e-02,
        -3.6181216065142097e-03,
        -5.4457917077517614e-11,
         2.0121657154514310e-03,
         7.0527449569343604e-04
      ], 
      [
        -1.6734386958542319e-02,
        -2.1806750203958544e-02,
        -5.7068353963957662e-04,
        -1.5699112324530003e-09,
        -3.1870602855012052e-02,
        -1.2258672321035091e-02,
        -1.2784418077415605e-09,
        -1.6538652910996241e-02,
        -5.1893060765746358e-03,
         3.6308257491007764e-04,
        -6.1642424742314283e-11,
        -1.0589284595760007e-03,
        -5.1160029579719823e-04,
        -2.7059202809225587e-12,
        -1.2129211660826554e-02,
        -1.5143498416336719e-03,
        -6.7268594696779499e-11,
        -4.5251143193602737e-04,
        -2.4408104242318747e-03,
        -2.7371500880354678e-02,
        -7.0930580311233948e-03,
        -6.8740641536627324e-11,
         7.0527449569343604e-04,
         3.0264454848604174e-03
      ]
    ],
  "orbitals" :
    [
      [
         9.8699805371816207e-01,
        -4.6064798054522439e-02,
         1.8189623625765702e-02,
        -1.4671158501430036e-11,
        -3.1647909972486294e-03,
         7.8264640223484569e-14,
         3.2086131479483221e-12,
         4.7464666490119807e-04,
         7.1438254817237510e-12,
         1.4680401744690487e-03,
        -2.1081309728039126e-12,
        -1.4005476830289415e-04,
        -8.4914693589146351e-13,
         6.1457617723029863e-17,
         2.1654104958042887e-03,
        -2.9181021774449313e-03,
         8.5245510501429414e-13,
        -2.2959870423356118e-03,
         2.8619092849513500e-03,
         2.1654104908352080e-03,
        -2.9181021900361649e-03,
         8.5234878914795644e-13,
        -2.2959870387237388e-03,
        -2.8619092822734968e-03
      ], 
      [
         2.7588756199425346e-01,
         5.4207974901076728e-01,
         2.8770103379934542e-01,
         6.6975379737952176e-10,
         1.3030490427317601e-01,
        -1.2957497740180665e-10,
         4.3859914473566563e-10,
         1.4811488871283833e-02,
        -4.8363590637269379e-09,
        -6.7286969404028365e-03,
         1.4688016234372269e-10,
         3.5988014695793030e-03,
        -3.1630582486938842e-10,
         2.5601332207918530e-17,
         1.9127196084925277e-01,
         1.6368062876649717e-02,
        -2.4225215345390623e-12,
        -1.3727405908424460e-02,
         2.9328337326559067e-02,
         1.9127195949545547e-01,
         1.6368078902686746e-02,
        -2.4222746124108480e-12,
        -1.3727407339367345e-02,
        -2.9328338828220855e-02
      ], 
      [
        -9.5771368585403852e-10,
         3.0345051887078901e-09,
        -2.8288470587118369e-08,
         3.1224587602712919e-16,
         2.1611329358272521e-09,
         5.0655889139141452e-01,
         4.6270882607389054e-16,
        -6.7743065621850596e-09,
         2.1443509336512220e-01,
         9.6949668870222305e-10,
         2.6713179637630523e-17,
        -9.2422849332411240e-11,
         2.1140602098969997e-02,
         1.1181512243850413e-10,
        -3.1492468579258015e-01,
        -1.1526298444236131e-01,
        -3.0414469086294703e-11,
         2.3921293986150605e-02,
        -1.2099942682339571e-02,
         3.1492469235039916e-01,
         1.1526301472319359e-01,
         3.0414417282306932e-11,
        -2.3921296354588086e-02,
        -1.2099948098175115e-02
      ], 
      [
        -1.1416168221490726e-01,
        -2.1781708175033393e-01,
        -3.6747869892603036e-01,
         2.7798794710446497e-09,
         5.4297536559552861e-01,
        -5.8310875622677684e-09,
         3.4694545141355576e-09,
         3.5086450584279882e-01,
        -1.4334367320011153e-08,
         5.1950881604826305e-04,
         1.9453188559526718e-10,
         1.9005147958440247e-02,
        -1.3877667076206574e-09,
         9.6079621663653693e-17,
         1.9077305473390987e-01,
         7.5253859275681859e-02,
         6.6864000703447926e-12,
         1.5496491717834123e-02,
         2.2326483994997589e-02,
         1.9077304865525480e-01,
         7.5253904046750614e-02,
         6.6859705014840989e-12,
         1.5496488947461022e-02,
        -2.2326486855051456e-02
      ], 
      [
         2.8264734178094037e-10,
        -2.7368057887642152e-09,
         1.9603788809921525e-08,
        -6.3473618703543222e-01,
         5.4184782569327657e-09,
         8.5770809377938629e-16,
        -4.9538437429866994e-01,
         8.6887425124299387e-09,
         1.3460528430553302e-15,
        -6.1616898171318034e-10,
        -2.0014631163203796e-02,
         3.6283515911820231e-10,
         1.6224903458255017e-16,
         9.8814491482293221e-11,
         1.3418581980965176e-09,
        -1.4853503429361638e-08,
        -3.0615099267177273e-02,
         8.7003806071547284e-10,
        -1.1080032437521976e-09,
         1.3418580922756466e-09,
        -1.4853506678936177e-08,
        -3.0615099001120423e-02,
         8.7003833908951731e-10,
         1.1080034596543953e-09
      ], 
      [
        -1.1012874403709819e-01,
        -1.9831244931283371e-01,
        -8.7747469252077892e-01,
        -1.7959107294823648e-08,
        -2.7972754004197931e-01,
        -1.3578138939225632e-07,
         4.1490404525151528e-09,
        -3.3394639358726208e-01,
        -2.5392197522265416e-07,
         2.6517071754822663e-04,
        -2.7453041196004809e-10,
        -9.3926943769529012e-03,
        -8.1821432647947657e-09,
         1.8119664964640489e-16,
         1.4587581825200466e-01,
         7.7509852689765546e-01,
        -2.5141514909886643e-09,
         2.9014381081783644e-03,
        -1.2041302819887547e-02,
         1.4587590932868247e-01,
         7.7509944956333576e-01,
        -2.5141513921399880e-09,
         2.9014259919325478e-03,
         1.2041288345743769e-02
      ], 
      [
         4.7184567705876349e-08,
         1.2054028061029709e-07,
         2.0328440203875598e-07,
         5.4921846161353318e-15,
         1.0455438312217044e-07,
        -4.1220082061683416e-01,
        -2.2164461511229765e-15,
         6.6688111832483780e-08,
        -5.8195931031601555e-01,
         5.9998826980933253e-09,
        -4.1711144082262052e-17,
         2.0420926966477372e-09,
        -2.0238274505066031e-03,
        -8.0142704633527127e-11,
        -1.5580110035596009e-01,
        -1.1665148916103862e+00,
         8.6860570944422443e-12,
        -1.3503830287778658e-02,
         7.7132160961987115e-03,
         1.5580102881559912e-01,
         1.1665143907122453e+00,
        -8.6843450463694253e-12,
         1.3503807995789666e-02,
         7.7131710136087673e-03
      ], 
      [
         4.6322333071166497e-09,
         3.0386528279170517e-09,
         2.2039235099235060e-08,
        -2.6777718049329924e-15,
         3.0094829535740187e-08,
        -2.8585168337146377e-01,
         2.0678992267719690e-15,
         4.2973534783264444e-08,
        -2.7782311485306493e-01,
         6.8824126534249852e-09,
         1.1298179741035987e-16,
         9.1131053736056319e-10,
         9.7252925630708198e-02,
        -3.8834383493936382e-11,
        -9.4768457493410119e-01,
         9.4205956139749891e-01,
         1.2057404123635044e-11,
        -9.9843127349148311e-02,
         3.1510648579385028e-02,
         9.4768431670180764e-01,
        -9.4205939722355092e-01,
        -1.2057441475759879e-11,
         9.9843133969106698e-02,
         3.1510631248722713e-02
      ], 
      [
         9.4182338040145502e-02,
         3.5657437926842955e-01,
        -4.4413832950351950e-01,
        -2.3566959939241234e-08,
         3.7515570863346226e-01,
         5.0348809126896148e-08,
         2.1613673430522825e-08,
        -2.4697129096952049e-02,
         4.7301671737968078e-09,
         8.7017852908028048e-02,
        -6.5982533581931057e-11,
         3.8415318291172319e-03,
        -1.5580440931242418e-08,
         9.3561205709937458e-17,
        -8.5272823780319718e-01,
         6.8365620621180245e-01,
        -2.5277378791702724e-09,
        -3.5231002054992619e-02,
         1.7990491037318324e-01,
        -8.5272844860405428e-01,
         6.8365641776483865e-01,
        -2.5277382437590092e-09,
        -3.5231039203631520e-02,
        -1.7990492901516383e-01
      ], 
      [
         3.5284225786337467e-08,
         1.5744775731364369e-07,
        -7.9689329968118897e-08,
        -9.6523556427794877e-01,
        -1.7766530355079653e-07,
        -7.8973698038837405e-15,
         9.9919758617497134e-01,
         2.3079235004410076e-07,
         1.7704230898173416e-14,
         1.2703445316396483e-09,
        -1.1456581755932779e-03,
         1.7176321107447652e-09,
        -1.2567344097421534e-16,
        -1.2042349913148992e-10,
        -5.0205538204138439e-08,
        -7.0086142305773496e-09,
         4.5461072162862680e-02,
         2.6823635124964321e-08,
        -3.3043342090633923e-09,
        -5.0205549227932064e-08,
        -7.0086226411667067e-09,
         4.5461070780695140e-02,
         2.6823637009813425e-08,
         3.3043389236577599e-09
      ], 
      [
        -1.3590632252510548e-01,
        -5.5839726796840705e-01,
         1.0470124901785564e-01,
        -2.1191678138977788e-07,
         7.8952553228966604e-01,
         3.9220208391076366e-08,
         2.1943424918691604e-07,
        -1.1217090822790350e+00,
        -9.0295012445808177e-08,
        -1.9193836500428094e-02,
        -1.9906633418106772e-10,
        -1.0902787094100566e-02,
         6.6505231806517211e-10,
        -3.8380603254280344e-16,
         3.7314687829671772e-01,
        -4.5260771068967795e-03,
         1.0062165851515316e-08,
        -1.5233048976814020e-01,
         8.8208200585417895e-03,
         3.7314693929886461e-01,
        -4.5260400640518136e-03,
         1.0062164026542694e-08,
        -1.5233049885343417e-01,
        -8.8208450777529368e-03
      ], 
      [
        -5.7216437444635233e-08,
        -3.4083220948503461e-07,
         5.4652082635816664e-07,
        -6.0849657039145723e-15,
         2.8730745758739658e-08,
        -7.8563833906452507e-01,
         6.5222762514540598e-15,
         8.3721980668489182e-08,
         1.7100757286196548e+00,
         6.1055831881237367e-09,
        -2.7240547574182473e-16,
         4.6035268860229513e-09,
         5.0055933848309250e-03,
        -1.2805934517220339e-10,
         3.3694372264695688e-01,
         7.6790047898236402e-01,
         1.0956015555619093e-10,
        -8.9841081216504207e-02,
         2.2240451425006516e-01,
        -3.3694393999369970e-01,
        -7.6790062534516690e-01,
        -1.0955896090101762e-10,
         8.9841164368327800e-02,
         2.2240454061272322e-01
      ], 
      [
        -2.5965060948161822e-01,
        -1.6011996594413656e+00,
         2.7131469262001544e+00,
        -2.2316459090855659e-08,
        -9.2998805751864033e-02,
         1.5141914088938771e-07,
         2.1752051589517999e-08,
         5.8359942015566191e-01,
        -3.1741646680584977e-07,
         5.6336745095312710e-02,
         5.8975056651700064e-10,
         4.6052113341079594e-02,
         1.2202227522189829e-09,
        -5.8316438172236014e-16,
        -4.7183002650739359e-01,
        -5.0631654672665094e-01,
         6.0412900376730683e-09,
         2.9473242752025408e-01,
         3.1006046350082292e-02,
        -4.7182994773787196e-01,
        -5.0631616532500556e-01,
         6.0412881150793207e-09,
         2.9473241020509522e-01,
        -3.1006119297003042e-02
      ], 
      [
         9.3813455332532786e-16,
         5.3253562202634031e-15,
        -7.8704032208711964e-15,
         1.0840480835704800e-09,
        -9.3075500302881278e-16,
         3.4026639518852581e-10,
        -4.2156111937789695e-09,
        -1.0561126111739160e-15,
        -3.9917311381439339e-10,
        -4.5189450567481529e-16,
         6.7058900313290681e-10,
         4.3949065924662280e-16,
        -7.6641192383160461e-11,
        -1.7759045903960613e-01,
        -1.0570164452034568e-10,
        -1.1160824595134953e-10,
         6.6608672894424392e-01,
         2.9481278080972774e-11,
         7.3066727807663225e-11,
         1.0570327048724692e-10,
         1.1161201795454828e-10,
        -6.6608672141706904e-01,
        -2.9480357605038885e-11,
         7.3066150270588731e-11
      ], 
      [
         8.6455260760581618e-02,
         6.9207819669390913e-01,
        -1.5402942914249498e+00,
         2.0442195645493163e-09,
         1.5778752527108311e-01,
        -2.6003023243125073e-08,
         1.2290657096300733e-09,
        -1.1598201965445294e+00,
         3.7478783853089446e-08,
        -1.3921242823890893e-02,
        -1.1635712801911694e-09,
         2.0876915161602924e-01,
        -2.5421745505604993e-10,
         4.2081838381222654e-18,
         6.7973794706100865e-01,
         1.6427880299271025e-01,
        -5.2588051938339998e-09,
         4.4405874130442935e-01,
         4.3271746164127706e-01,
         6.7973796272237375e-01,
         1.6427871502039798e-01,
        -5.2588027397113697e-09,
         4.4405872503801658e-01,
        -4.3271745502057701e-01
      ], 
      [
         2.5794256848244083e-09,
         1.6834417692685010e-08,
