                                                                                  {
"json_results" :
  {
  "energy" :
    -7.5955313284513750e+01,
  "converged" :
    true,
  "n_iter" :
    9,
  "ao_basis" :
 { 
   "__Basis" : { 
     "n_functions" : 24, 
     "electron_shells" : [
 { 
   "angular_momentum" : 0,
   "exponents" : [
   2.2661767785000002e+03,
   3.4087010191000002e+02,
   7.7363135166999996e+01,
   2.1479644940000000e+01,
   6.6589433123999999e+00
],
   "coefficients" : [
  [
    -5.3893503921742976e-03,
    -4.0234721388960164e-02,
    -1.8008184205525829e-01,
    -4.6828857657650924e-01,
    -4.4692617160187309e-01
  ]
],
   "function_type" : "gto_spherical",
   "center" : [
   0.0000000000000000e+00,
   0.0000000000000000e+00,
  -1.2947693993318282e-01
],
   "radial_threshold" :  9.9999999999999995e-07,
   "center_index" : 0,
   "normalized_primitives" : true
   }, 
 { 
   "angular_momentum" : 0,
   "exponents" : [
   8.0975975668000000e-01
],
   "coefficients" : [
  [
     1.0000000000000002e+00
  ]
],
   "function_type" : "gto_spherical",
   "center" : [
   0.0000000000000000e+00,
   0.0000000000000000e+00,
  -1.2947693993318282e-01
],
   "radial_threshold" :  9.9999999999999995e-07,
   "center_index" : 0,
   "normalized_primitives" : true
   }, 
 { 
   "angular_momentum" : 0,
   "exponents" : [
   2.5530772233999999e-01
],
   "coefficients" : [
  [
     1.0000000000000000e+00
  ]
],
   "function_type" : "gto_spherical",
   "center" : [
   0.0000000000000000e+00,
   0.0000000000000000e+00,
  -1.2947693993318282e-01
],
   "radial_threshold" :  9.9999999999999995e-07,
   "center_index" : 0,
   "normalized_primitives" : true
   }, 
 { 
   "angular_momentum" : 1,
   "exponents" : [
   1.7721504317000001e+01,
   3.8635505440000002e+00,
   1.0480920883000000e+00
],
   "coefficients" : [
  [
     6.2630248763161048e-02,
     3.3331138482351780e-01,
     7.4148638308122361e-01
  ]
],
   "function_type" : "gto_spherical",
   "center" : [
   0.0000000000000000e+00,
   0.0000000000000000e+00,
  -1.2947693993318282e-01
],
   "radial_threshold" :  9.9999999999999995e-07,
   "center_index" : 0,
   "normalized_primitives" : true
   }, 
 { 
   "angular_momentum" : 1,
   "exponents" : [
   2.7641544411000002e-01
],
   "coefficients" : [
  [
     1.0000000000000000e+00
  ]
],
   "function_type" : "gto_spherical",
   "center" : [
   0.0000000000000000e+00,
   0.0000000000000000e+00,
  -1.2947693993318282e-01
],
   "radial_threshold" :  9.9999999999999995e-07,
   "center_index" : 0,
   "normalized_primitives" : true
   }, 
 { 
   "angular_momentum" : 2,
   "exponents" : [
   1.2000000000000000e+00
],
   "coefficients" : [
  [
     1.0000000000000000e+00
  ]
],
   "function_type" : "gto_spherical",
   "center" : [
   0.0000000000000000e+00,
   0.0000000000000000e+00,
  -1.2947693993318282e-01
],
   "radial_threshold" :  9.9999999999999995e-07,
   "center_index" : 0,
   "normalized_primitives" : true
   }, 
 { 
   "angular_momentum" : 0,
   "exponents" : [
   1.3010700999999999e+01,
   1.9622572000000000e+00,
   4.4453796000000001e-01
],
   "coefficients" : [
  [
     3.3485484812988658e-02,
     2.3472187088124863e-01,
     8.1377028525955364e-01
  ]
],
   "function_type" : "gto_spherical",
   "center" : [
   0.0000000000000000e+00,
  -1.4941873392358804e+00,
   1.0274465094732790e+00
],
   "radial_threshold" :  9.9999999999999995e-07,
   "center_index" : 1,
   "normalized_primitives" : true
   }, 
 { 
   "angular_momentum" : 0,
   "exponents" : [
   1.2194961999999999e-01
],
   "coefficients" : [
  [
     1.0000000000000000e+00
  ]
],
   "function_type" : "gto_spherical",
   "center" : [
   0.0000000000000000e+00,
  -1.4941873392358804e+00,
   1.0274465094732790e+00
],
   "radial_threshold" :  9.9999999999999995e-07,
   "center_index" : 1,
   "normalized_primitives" : true
   }, 
 { 
   "angular_momentum" : 1,
   "exponents" : [
   8.0000000000000004e-01
],
   "coefficients" : [
  [
     1.0000000000000000e+00
  ]
],
   "function_type" : "gto_spherical",
   "center" : [
   0.0000000000000000e+00,
  -1.4941873392358804e+00,
   1.0274465094732790e+00
],
   "radial_threshold" :  9.9999999999999995e-07,
   "center_index" : 1,
   "normalized_primitives" : true
   }, 
 { 
   "angular_momentum" : 0,
   "exponents" : [
   1.3010700999999999e+01,
   1.9622572000000000e+00,
   4.4453796000000001e-01
],
   "coefficients" : [
  [
     3.3485484812988658e-02,
     2.3472187088124863e-01,
     8.1377028525955364e-01
  ]
],
   "function_type" : "gto_spherical",
   "center" : [
   0.0000000000000000e+00,
   1.4941873392358804e+00,
   1.0274465094732790e+00
],
   "radial_threshold" :  9.9999999999999995e-07,
   "center_index" : 2,
   "normalized_primitives" : true
   }, 
 { 
   "angular_momentum" : 0,
   "exponents" : [
   1.2194961999999999e-01
],
   "coefficients" : [
  [
     1.0000000000000000e+00
  ]
],
   "function_type" : "gto_spherical",
   "center" : [
   0.0000000000000000e+00,
   1.4941873392358804e+00,
   1.0274465094732790e+00
],
   "radial_threshold" :  9.9999999999999995e-07,
   "center_index" : 2,
   "normalized_primitives" : true
   }, 
 { 
   "angular_momentum" : 1,
   "exponents" : [
   8.0000000000000004e-01
],
   "coefficients" : [
  [
     1.0000000000000000e+00
  ]
],
   "function_type" : "gto_spherical",
   "center" : [
   0.0000000000000000e+00,
   1.4941873392358804e+00,
   1.0274465094732790e+00
],
   "radial_threshold" :  9.9999999999999995e-07,
   "center_index" : 2,
   "normalized_primitives" : true
   }
     ]
   }
 }
,
  "structure" :
{ "__Atoms": { 
  "atoms" : [ 
[
"O", [
   0.0000000000000000e+00,
   0.0000000000000000e+00,
  -1.2947693993318282e-01
]
],
[
"H", [
   0.0000000000000000e+00,
  -1.4941873392358804e+00,
   1.0274465094732790e+00
]
],
[
"H", [
   0.0000000000000000e+00,
   1.4941873392358804e+00,
   1.0274465094732790e+00
]
]
]
}
}
,
  "multiplicity" :
     1.0000000000000000e+00,
  "scf_iterations" :
    {
    "iteration_0" :
      {
      "iteration" :
        0,
      "energy" :
        -7.5765175142808673e+01,
      "norm_orbital_gradient" :
         4.7572018191457248e+00
      },
    "iteration_1" :
      {
      "iteration" :
        1,
      "energy" :
        -7.5910655769318410e+01,
      "energy_change" :
        -1.4548062650973748e-01,
      "norm_orbital_gradient" :
         6.7881530514415578e-01
      },
    "iteration_2" :
      {
      "iteration" :
        2,
      "energy" :
        -7.5943272707563622e+01,
      "energy_change" :
        -3.2616938245212168e-02,
      "norm_orbital_gradient" :
         3.6021546977152508e-01
      },
    "iteration_3" :
      {
      "iteration" :
        3,
      "energy" :
        -7.5951101206814513e+01,
      "energy_change" :
        -7.8284992508912410e-03,
      "norm_orbital_gradient" :
         1.9891441209930943e-01
      },
    "iteration_4" :
      {
      "iteration" :
        4,
      "energy" :
        -7.5954700702296876e+01,
      "energy_change" :
        -3.5994954823621583e-03,
      "norm_orbital_gradient" :
         7.7288914393265337e-02
      },
    "iteration_5" :
      {
      "iteration" :
        5,
      "energy" :
        -7.5955094094957133e+01,
      "energy_change" :
        -3.9339266025706365e-04,
      "norm_orbital_gradient" :
         4.5002048158136299e-02
      },
    "iteration_6" :
      {
      "iteration" :
        6,
      "energy" :
        -7.5955313259220134e+01,
      "energy_change" :
        -2.1916426300094827e-04,
      "norm_orbital_gradient" :
         2.8444227239045192e-04
      },
    "iteration_7" :
      {
      "iteration" :
        7,
      "energy" :
        -7.5955313284112862e+01,
      "energy_change" :
        -2.4892727878977894e-08,
      "norm_orbital_gradient" :
         3.9208757583644866e-05
      },
    "iteration_8" :
      {
      "iteration" :
        8,
      "energy" :
        -7.5955313284473291e+01,
      "energy_change" :
        -3.6042990814166842e-10,
      "norm_orbital_gradient" :
         1.4776776190091993e-05
      },
    "iteration_9" :
      {
      "iteration" :
        9,
      "energy" :
        -7.5955313284513153e+01,
      "energy_change" :
        -3.9861447476141620e-11,
      "norm_orbital_gradient" :
         1.6252049176180209e-06
      }
    },
  "n_channels" :
    1,
  "homo" :
    -4.9508814505060694e-01,
  "lumo" :
     1.6933368881540223e-01,
  "density" :
    [
      [
         2.1364355289462060e+00,
         2.8431965279448423e-01,
         2.5680933185181798e-01,
         1.3014268380954565e-16,
        -6.3891012949947174e-02,
         4.2062890417075069e-15,
        -2.5333291009213175e-18,
        -6.7170308612748850e-02,
        -9.4722019434171790e-15,
         7.0642564088347205e-05,
        -6.3473646305493286e-16,
        -2.5298713047599048e-03,
         1.6418243775374434e-15,
        -4.5009113034130002e-15,
         6.3952493556347634e-02,
        -1.1093594472355056e-02,
        -1.1549738405760621e-15,
        -1.2819277629984248e-02,
         1.4459550800299504e-02,
         6.3952493556356294e-02,
        -1.1093594472306741e-02,
         1.0881666690215075e-15,
        -1.2819277629987661e-02,
        -1.4459550800294575e-02
      ], 
      [
         2.8431965279448423e-01,
         7.0031883938515205e-01,
         4.7317648023573000e-01,
         2.7104679588445889e-16,
        -1.2562953676051630e-01,
         1.6263182951797383e-14,
         6.5823545804780322e-18,
        -1.4131547309732545e-01,
        -1.3050221255559675e-14,
        -2.4843452274671430e-03,
        -1.2756993416249177e-15,
        -5.0208470981850358e-03,
         2.0123814429679747e-15,
        -7.2110478985654256e-15,
         1.1953161676972822e-01,
        -1.6074252923950712e-02,
        -1.4761975206227519e-15,
        -2.0311001465282266e-02,
         2.1662846767318656e-02,
         1.1953161676976616e-01,
        -1.6074252923845143e-02,
         2.3303009997111706e-15,
        -2.0311001465292487e-02,
        -2.1662846767312401e-02
      ], 
      [
         2.5680933185181798e-01,
         4.7317648023573000e-01,
         3.9873963213425689e-01,
        -8.4543937313466069e-16,
        -2.9653343953279693e-01,
        -1.6772731066657880e-14,
        -1.0785114765651107e-15,
        -2.3150614196734731e-01,
        -4.2885377699649648e-14,
         2.5743938661188957e-04,
        -8.3335407653234306e-16,
        -1.0084746514473568e-02,
        -1.4875298299036447e-15,
        -4.8651872546435699e-15,
        -1.7164701060354989e-02,
        -3.4527451754814850e-02,
        -9.6894487978560085e-16,
        -1.3865436747752979e-02,
        -1.7305407524272759e-04,
        -1.7164701060367896e-02,
        -3.4527451754642884e-02,
         1.3459108899472700e-15,
        -1.3865436747764361e-02,
         1.7305407524505559e-04
      ], 
      [
         1.3014268380954565e-16,
         2.7104679588445889e-16,
        -8.4543937313466069e-16,
         8.0395676015968276e-01,
        -8.2425190557083265e-16,
        -8.8362928036970149e-16,
         6.3228216414572613e-01,
        -4.2022898158451480e-16,
         5.9851899273453503e-15,
        -7.0536236522562088e-16,
         2.2587949382063547e-02,
         1.1198942812724507e-16,
        -5.6212067683739029e-16,
         4.9471097411793708e-15,
         3.7725408504246764e-15,
         6.7592850898348144e-15,
         3.4640692726135090e-02,
        -9.3800033041775016e-16,
         1.6040253595061407e-15,
        -3.4714080266308150e-15,
        -5.9277306955182466e-15,
         3.4640692726121247e-02,
         1.1617280141613941e-15,
         2.0866906387871680e-15
      ], 
      [
        -6.3891012949947174e-02,
        -1.2562953676051630e-01,
        -2.9653343953279693e-01,
        -8.2425190557083265e-16,
         6.0240440801212591e-01,
         4.2150629126873449e-14,
         1.3921497513558252e-16,
         3.9790024779347238e-01,
         8.0311939118787456e-14,
        -4.7801425036268002e-03,
         3.9716553310924666e-17,
         1.9229181391503865e-02,
         5.9380114204728150e-15,
         1.1460899402743473e-15,
         2.4859555152580262e-01,
         6.7469426314047787e-02,
        -1.3721839911182335e-17,
         3.6609596488693190e-03,
         3.7223925665535215e-02,
         2.4859555152586052e-01,
         6.7469426313741282e-02,
         6.5793395184131276e-17,
         3.6609596488872916e-03,
        -3.7223925665528138e-02
      ], 
      [
         4.2062890417075069e-15,
         1.6263182951797383e-14,
        -1.6772731066657880e-14,
        -8.8362928036970149e-16,
         4.2150629126873449e-14,
         4.7227356287065292e-01,
         2.0736592320068097e-15,
         2.4833958857910197e-14,
         2.3199683238937288e-01,
         6.9674123479126746e-15,
        -8.0561218634946076e-16,
         8.2785883714747066e-15,
         2.4168433884422236e-02,
        -2.2949850332966316e-17,
        -3.0945325425291792e-01,
        -9.0244238781259950e-02,
         3.5096000092577086e-16,
         2.8903916508980644e-02,
        -2.1348280594996136e-02,
         3.0945325425285319e-01,
         9.0244238781303374e-02,
         8.8362869212292918e-16,
        -2.8903916508975832e-02,
        -2.1348280594980694e-02
      ], 
      [
        -2.5333291009213175e-18,
         6.5823545804780322e-18,
        -1.0785114765651107e-15,
         6.3228216414572613e-01,
         1.3921497513558252e-16,
         2.0736592320068097e-15,
         4.9726646370558292e-01,
         1.9330691597551093e-16,
         6.0671607097169311e-15,
        -5.6077319218723110e-16,
         1.7764584150108467e-02,
         1.1327546578874624e-16,
        -3.0040487846439411e-16,
         3.8907182679800047e-15,
         1.4670075648756023e-15,
         4.8752179271640071e-15,
         2.7243619619589331e-02,
        -5.6223571856290894e-16,
         1.1831522904862439e-15,
        -6.0188489099997422e-16,
        -4.0445749049208860e-15,
         2.7243619619578444e-02,
         7.5023689450404868e-16,
         1.4691596238515349e-15
      ], 
      [
        -6.7170308612748850e-02,
        -1.4131547309732545e-01,
        -2.3150614196734731e-01,
        -4.2022898158451480e-16,
         3.9790024779347238e-01,
         2.4833958857910197e-14,
         1.9330691597551093e-16,
         2.6787023505899937e-01,
         5.2316585852485321e-14,
        -2.8568574500991081e-03,
         1.3973072794203453e-16,
         1.2788782170587622e-02,
         3.5971414341618704e-15,
         1.3615224761330490e-15,
         1.4935636493005625e-01,
         4.4740660063056457e-02,
         1.2507000162144229e-16,
         4.1131108139426525e-03,
         2.2035861384021752e-02,
         1.4935636493008905e-01,
         4.4740660062850067e-02,
        -1.5377445447078955e-16,
         4.1131108139551859e-03,
        -2.2035861384017676e-02
      ], 
      [
        -9.4722019434171790e-15,
        -1.3050221255559675e-14,
        -4.2885377699649648e-14,
         5.9851899273453503e-15,
         8.0311939118787456e-14,
         2.3199683238937288e-01,
         6.0671607097169311e-15,
         5.2316585852485321e-14,
         1.1396473245622638e-01,
         2.9932677906250273e-15,
        -2.1538876443528486e-16,
         5.9823735529881897e-15,
         1.1872356502270698e-02,
        -1.1273746827115321e-17,
        -1.5201396055894023e-01,
        -4.4331038585730509e-02,
         4.4899493741630790e-16,
         1.4198586583952498e-02,
        -1.0487001315281165e-02,
         1.5201396055895322e-01,
         4.4331038585765252e-02,
         7.1065991040254202e-16,
        -1.4198586583948907e-02,
        -1.0487001315280187e-02
      ], 
      [
         7.0642564088347205e-05,
        -2.4843452274671430e-03,
         2.5743938661188957e-04,
        -7.0536236522562088e-16,
        -4.7801425036268002e-03,
         6.9674123479126746e-15,
        -5.6077319218723110e-16,
        -2.8568574500991081e-03,
         2.9932677906250273e-15,
         5.6367436709265861e-05,
        -1.3815011031805259e-17,
        -1.4740650955570020e-04,
         3.1688015349223694e-16,
         2.6158602407854684e-17,
        -2.8474224089380103e-03,
        -5.2652249642863753e-04,
        -2.3173166531197835e-17,
         6.9716001769695875e-05,
        -4.4419849608937729e-04,
        -2.8474224089289910e-03,
        -5.2652249642358049e-04,
        -4.3206319667001018e-17,
         6.9716001768677511e-05,
         4.4419849608861065e-04
      ], 
      [
        -6.3473646305493286e-16,
        -1.2756993416249177e-15,
        -8.3335407653234306e-16,
         2.2587949382063547e-02,
         3.9716553310924666e-17,
        -8.0561218634946076e-16,
         1.7764584150108467e-02,
         1.3973072794203453e-16,
        -2.1538876443528486e-16,
        -1.3815011031805259e-17,
         6.3463047090408869e-04,
         7.0628306608254784e-18,
        -5.5749766048133575e-17,
         1.3899387374899236e-16,
         3.1934660614860522e-16,
         3.5011008648913161e-16,
         9.7326405179072421e-04,
        -3.6651019607430572e-17,
         2.8406369980642194e-17,
        -9.0738572297080729e-16,
        -3.0473637870625294e-16,
         9.7326405179033531e-04,
         1.1791363413009003e-16,
         1.4587593989407406e-16
      ], 
      [
        -2.5298713047599048e-03,
        -5.0208470981850358e-03,
        -1.0084746514473568e-02,
         1.1198942812724507e-16,
         1.9229181391503865e-02,
         8.2785883714747066e-15,
         1.1327546578874624e-16,
         1.2788782170587622e-02,
         5.9823735529881897e-15,
        -1.4740650955570020e-04,
         7.0628306608254784e-18,
         6.1532800345906935e-04,
         5.4135048466250097e-16,
         4.7102368220642651e-17,
         7.6775246519225487e-03,
         2.1568070116617204e-03,
         7.7682912347111043e-18,
         1.4635716453482845e-04,
         1.1438244205921133e-03,
         7.6775246519334558e-03,
         2.1568070116545377e-03,
         4.5450247863918622e-18,
         1.4635716453455862e-04,
        -1.1438244205925292e-03
      ], 
      [
         1.6418243775374434e-15,
         2.0123814429679747e-15,
        -1.4875298299036447e-15,
        -5.6212067683739029e-16,
         5.9380114204728150e-15,
         2.4168433884422236e-02,
        -3.0040487846439411e-16,
         3.5971414341618704e-15,
         1.1872356502270698e-02,
         3.1688015349223694e-16,
        -5.5749766048133575e-17,
         5.4135048466250097e-16,
         1.2368111246270773e-03,
        -1.1744505389341393e-18,
        -1.5836161715828106e-02,
        -4.6182172577634859e-03,
        -4.3118603914386010e-18,
         1.4791477865117452e-03,
        -1.0924907694810269e-03,
         1.5836161715828943e-02,
         4.6182172577665390e-03,
         2.2947272995699624e-17,
        -1.4791477865115721e-03,
        -1.0924907694808827e-03
      ], 
      [
        -4.5009113034130002e-15,
        -7.2110478985654256e-15,
        -4.8651872546435699e-15,
         4.9471097411793708e-15,
         1.1460899402743473e-15,
        -2.2949850332966316e-17,
         3.8907182679800047e-15,
         1.3615224761330490e-15,
        -1.1273746827115321e-17,
         2.6158602407854684e-17,
         1.3899387374899236e-16,
         4.7102368220642651e-17,
        -1.1744505389341393e-18,
         1.0596130182810230e-28,
        -1.3011590482036805e-15,
         1.5591488320205042e-16,
         2.1315985749362820e-16,
         2.1129734258142229e-16,
        -2.3760992147509327e-16,
        -1.3312344385220974e-15,
         1.4714415396158571e-16,
         2.1315985749350301e-16,
         2.1410647953123167e-16,
         2.3968473523993073e-16
      ], 
      [
         6.3952493556347634e-02,
         1.1953161676972822e-01,
        -1.7164701060354989e-02,
         3.7725408504246764e-15,
         2.4859555152580262e-01,
        -3.0945325425291792e-01,
         1.4670075648756023e-15,
         1.4935636493005625e-01,
        -1.5201396055894023e-01,
        -2.8474224089380103e-03,
         3.1934660614860522e-16,
         7.6775246519225487e-03,
        -1.5836161715828106e-02,
        -1.3011590482036805e-15,
         3.4914955538551362e-01,
         8.6431930719156766e-02,
        -4.6642014285959649e-16,
        -2.2446152252636572e-02,
         3.6899968861491203e-02,
        -5.6383695239980422e-02,
        -3.1831616360327011e-02,
         1.9685342766523190e-16,
         1.5431940986343713e-02,
        -8.9234085701644841e-03
      ], 
      [
        -1.1093594472355056e-02,
        -1.6074252923950712e-02,
        -3.4527451754814850e-02,
         6.7592850898348144e-15,
         6.7469426314047787e-02,
        -9.0244238781259950e-02,
         4.8752179271640071e-15,
         4.4740660063056457e-02,
        -4.4331038585730509e-02,
        -5.2652249642863753e-04,
         3.5011008648913161e-16,
         2.1568070116617204e-03,
        -4.6182172577634859e-03,
         1.5591488320205042e-16,
         8.6431930719156766e-02,
         2.4811692433101513e-02,
         2.2462500961486768e-16,
        -5.0478766597161998e-03,
         8.1507563190976583e-03,
        -3.1831616360160964e-02,
        -9.6768890734185813e-03,
         1.1927453622378394e-16,
         5.9983141424771614e-03,
         7.9020647145303449e-06
      ], 
      [
        -1.1549738405760621e-15,
        -1.4761975206227519e-15,
        -9.6894487978560085e-16,
         3.4640692726135090e-02,
        -1.3721839911182335e-17,
         3.5096000092577086e-16,
         2.7243619619589331e-02,
         1.2507000162144229e-16,
         4.4899493741630790e-16,
        -2.3173166531197835e-17,
         9.7326405179072421e-04,
         7.7682912347111043e-18,
        -4.3118603914386010e-18,
         2.1315985749362820e-16,
        -4.6642014285959649e-16,
         2.2462500961486768e-16,
         1.4925897162779847e-03,
         2.7809705430631957e-17,
        -1.3702997755241724e-17,
        -2.6872369328281959e-16,
        -1.7335331404552531e-16,
         1.4925897162773882e-03,
         7.0663299013880773e-17,
         1.3755653355708519e-16
      ], 
      [
        -1.2819277629984248e-02,
        -2.0311001465282266e-02,
        -1.3865436747752979e-02,
        -9.3800033041775016e-16,
         3.6609596488693190e-03,
         2.8903916508980644e-02,
        -5.6223571856290894e-16,
         4.1131108139426525e-03,
         1.4198586583952498e-02,
         6.9716001769695875e-05,
        -3.6651019607430572e-17,
         1.4635716453482845e-04,
         1.4791477865117452e-03,
         2.1129734258142229e-16,
        -2.2446152252636572e-02,
        -5.0478766597161998e-03,
         2.7809705430631957e-17,
         2.3683860951808412e-03,
        -1.9484808240651306e-03,
         1.5431940986333742e-02,
         5.9983141424752480e-03,
        -5.1582603104374965e-17,
        -1.1695480821205841e-03,
        -6.6461873703348292e-04
      ], 
      [
         1.4459550800299504e-02,
         2.1662846767318656e-02,
        -1.7305407524272759e-04,
         1.6040253595061407e-15,
         3.7223925665535215e-02,
        -2.1348280594996136e-02,
         1.1831522904862439e-15,
         2.2035861384021752e-02,
        -1.0487001315281165e-02,
        -4.4419849608937729e-04,
         2.8406369980642194e-17,
         1.1438244205921133e-03,
        -1.0924907694810269e-03,
        -2.3760992147509327e-16,
         3.6899968861491203e-02,
         8.1507563190976583e-03,
        -1.3702997755241724e-17,
        -1.9484808240651306e-03,
         4.5710327406094133e-03,
         8.9234085701652491e-03,
        -7.9020647367954123e-06,
         1.3633896124707680e-16,
         6.6461873703526535e-04,
        -2.6410111590812147e-03
      ], 
      [
         6.3952493556356294e-02,
         1.1953161676976616e-01,
        -1.7164701060367896e-02,
        -3.4714080266308150e-15,
         2.4859555152586052e-01,
         3.0945325425285319e-01,
        -6.0188489099997422e-16,
         1.4935636493008905e-01,
         1.5201396055895322e-01,
        -2.8474224089289910e-03,
        -9.0738572297080729e-16,
         7.6775246519334558e-03,
         1.5836161715828943e-02,
        -1.3312344385220974e-15,
        -5.6383695239980422e-02,
        -3.1831616360160964e-02,
        -2.6872369328281959e-16,
         1.5431940986333742e-02,
         8.9234085701652491e-03,
         3.4914955538543974e-01,
         8.6431930719048117e-02,
         1.0926031789246152e-15,
        -2.2446152252621251e-02,
        -3.6899968861472003e-02
      ], 
      [
        -1.1093594472306741e-02,
        -1.6074252923845143e-02,
        -3.4527451754642884e-02,
        -5.9277306955182466e-15,
         6.7469426313741282e-02,
         9.0244238781303374e-02,
        -4.0445749049208860e-15,
         4.4740660062850067e-02,
         4.4331038585765252e-02,
        -5.2652249642358049e-04,
        -3.0473637870625294e-16,
         2.1568070116545377e-03,
         4.6182172577665390e-03,
         1.4714415396158571e-16,
        -3.1831616360327011e-02,
        -9.6768890734185813e-03,
        -1.7335331404552531e-16,
         5.9983141424752480e-03,
        -7.9020647367954123e-06,
         8.6431930719048117e-02,
         2.4811692433045644e-02,
        -7.5134143319316735e-17,
        -5.0478766597182286e-03,
        -8.1507563190769475e-03
      ], 
      [
         1.0881666690215075e-15,
         2.3303009997111706e-15,
         1.3459108899472700e-15,
         3.4640692726121247e-02,
         6.5793395184131276e-17,
         8.8362869212292918e-16,
         2.7243619619578444e-02,
        -1.5377445447078955e-16,
         7.1065991040254202e-16,
        -4.3206319667001018e-17,
         9.7326405179033531e-04,
         4.5450247863918622e-18,
         2.2947272995699624e-17,
         2.1315985749350301e-16,
         1.9685342766523190e-16,
         1.1927453622378394e-16,
         1.4925897162773882e-03,
        -5.1582603104374965e-17,
         1.3633896124707680e-16,
         1.0926031789246152e-15,
        -7.5134143319316735e-17,
         1.4925897162767917e-03,
        -7.3929404325092687e-17,
        -6.0642093858863782e-17
      ], 
      [
        -1.2819277629987661e-02,
        -2.0311001465292487e-02,
        -1.3865436747764361e-02,
         1.1617280141613941e-15,
         3.6609596488872916e-03,
        -2.8903916508975832e-02,
         7.5023689450404868e-16,
         4.1131108139551859e-03,
        -1.4198586583948907e-02,
         6.9716001768677511e-05,
         1.1791363413009003e-16,
         1.4635716453455862e-04,
        -1.4791477865115721e-03,
         2.1410647953123167e-16,
         1.5431940986343713e-02,
         5.9983141424771614e-03,
         7.0663299013880773e-17,
        -1.1695480821205841e-03,
         6.6461873703526535e-04,
        -2.2446152252621251e-02,
        -5.0478766597182286e-03,
        -7.3929404325092687e-17,
         2.3683860951807267e-03,
         1.9484808240624553e-03
      ], 
      [
        -1.4459550800294575e-02,
        -2.1662846767312401e-02,
         1.7305407524505559e-04,
         2.0866906387871680e-15,
        -3.7223925665528138e-02,
        -2.1348280594980694e-02,
         1.4691596238515349e-15,
        -2.2035861384017676e-02,
        -1.0487001315280187e-02,
         4.4419849608861065e-04,
         1.4587593989407406e-16,
        -1.1438244205925292e-03,
        -1.0924907694808827e-03,
         2.3968473523993073e-16,
        -8.9234085701644841e-03,
         7.9020647145303449e-06,
         1.3755653355708519e-16,
        -6.6461873703348292e-04,
        -2.6410111590812147e-03,
        -3.6899968861472003e-02,
        -8.1507563190769475e-03,
        -6.0642093858863782e-17,
         1.9484808240624553e-03,
         4.5710327406057842e-03
      ]
    ],
  "orbitals" :
    [
      [
         9.9044225464165803e-01,
        -3.2654245634721836e-02,
         1.0780326007065761e-02,
         1.2135520988625690e-16,
        -2.4859826350668458e-03,
         1.2910262461992785e-15,
         9.2122283924730042e-17,
         4.7442258680796935e-04,
        -6.0219474143842718e-17,
         6.6932727621225223e-04,
         5.5136413248803989e-18,
        -7.1405172713293589e-05,
         4.6817607058041335e-16,
        -4.4460444066187319e-16,
         1.1811908802204093e-03,
        -1.7353655334519295e-03,
        -2.0095001084186554e-16,
        -1.3241577635507205e-03,
         1.6652786648597435e-03,
         1.1811908802195220e-03,
        -1.7353655334518831e-03,
        -3.4479982919349519e-17,
        -1.3241577635503482e-03,
        -1.6652786648591804e-03
      ], 
      [
         2.8007730041123907e-01,
         5.5790419466669028e-01,
         3.1412436034531094e-01,
        -6.1954345674745290e-16,
         7.6729841552627756e-02,
        -1.1156602271391149e-14,
        -4.2313688185905986e-16,
         9.7567078244890177e-04,
        -5.2671334175102771e-15,
        -3.5451674039194835e-03,
        -1.0942210914228235e-15,
         1.5864582192241146e-03,
         1.6161198677268456e-15,
        -5.8344719427754588e-15,
         1.7817310384155147e-01,
         6.7987719844026786e-03,
        -1.3027336916121784e-15,
        -1.6305453476530896e-02,
         2.9979917420124281e-02,
         1.7817310384155172e-01,
         6.7987719843846141e-03,
         1.9824826553498951e-15,
        -1.6305453476529456e-02,
        -2.9979917420113310e-02
      ], 
      [
         2.7396472935926709e-15,
         1.8457861138720459e-14,
        -2.8289105400135487e-14,
         5.9015607039860008e-15,
         7.6348727691800564e-14,
         4.8593907173155615e-01,
         7.4900704850161328e-15,
         4.6592295479127227e-14,
         2.3870979499826392e-01,
         6.8621730844871989e-15,
        -6.3756814307011487e-16,
         9.5579983960665721e-15,
         2.4867761505884253e-02,
        -2.3613917534118262e-17,
        -3.1840746325482921e-01,
        -9.2855508057509487e-02,
         6.5457552393884432e-16,
         2.9740268060753697e-02,
        -2.1966005448916723e-02,
         3.1840746325479424e-01,
         9.2855508057561501e-02,
         1.2026572919874877e-15,
        -2.9740268060748840e-02,
        -2.1966005448905652e-02
      ], 
      [
        -9.3800908779203857e-02,
        -1.9451485677941174e-01,
        -3.1714269166411363e-01,
         2.4462113919322786e-15,
         5.4342299851194165e-01,
        -2.7908759009377736e-14,
         2.6393225217061448e-15,
         3.6596986285653782e-01,
         4.1100168916038338e-14,
        -3.8945484244181650e-03,
         2.7863219131087009e-16,
         1.7468315698701484e-02,
         1.7436564472143299e-15,
         1.8762875360863735e-15,
         2.0357901387901850e-01,
         6.1110277743616534e-02,
         3.0468366775330726e-16,
         5.6646532468324056e-03,
         3.0024029932268569e-02,
         2.0357901387898225e-01,
         6.1110277743310966e-02,
        -8.5256896415851111e-17,
         5.6646532468570977e-03,
        -3.0024029932257435e-02
      ], 
      [
        -5.4864864547831072e-16,
        -1.5156620847106682e-15,
        -8.6178014488196437e-16,
        -6.3401764965956697e-01,
         2.6712416051469605e-15,
         5.2200653597329009e-15,
        -4.9863135867371144e-01,
         1.7425496627936167e-15,
        -2.4980923144721541e-15,
         5.4483010953456181e-16,
        -1.7813344308468423e-02,
        -2.2483705950508479e-17,
         6.7477449996484520e-16,
        -3.9013974956656837e-15,
        -5.3273228814742614e-15,
        -5.9660311305436216e-15,
        -2.7318397795972449e-02,
         1.0540910742030455e-15,
        -1.3825688325587695e-15,
         6.3130098261267612e-15,
         5.7678578734492661e-15,
        -2.7318397795961531e-02,
        -1.1554565112125889e-15,
        -1.9369372244703631e-15
      ], 
      [
        -8.7484085069436654e-02,
        -9.0945342086415956e-02,
        -1.0523253924491349e+00,
        -6.6714380883601329e-16,
        -2.0276086919287509e-01,
         4.0610978663074677e-13,
        -1.5292117234135550e-16,
        -3.8319516043715390e-01,
         1.2372519829472392e-12,
         7.8116325642936992e-03,
         5.0281837314161435e-16,
        -7.9242105581296650e-03,
         5.0870899394310461e-14,
         3.3475335159842451e-15,
         7.5646730990834798e-02,
         8.7560656769169398e-01,
        -1.2672807141028394e-15,
        -1.1126629249708855e-02,
         1.3292746628650523e-02,
         7.5646730990830649e-02,
         8.7560656768684808e-01,
         1.2157832662988104e-15,
        -1.1126629249563119e-02,
        -1.3292746628532420e-02
      ], 
      [
        -2.2171147292059506e-13,
        -6.1639053432080217e-13,
        -8.6333683249082365e-13,
         4.4072950181024722e-15,
        -3.0812758071686880e-13,
        -2.9583806235528809e-01,
        -2.7140636774020778e-15,
        -3.1626779957164774e-13,
        -6.5725874003868334e-01,
        -3.2344455886039119e-14,
         6.1912213506856611e-16,
        -8.8200115935250944e-15,
        -1.5751206117288728e-02,
        -3.7299632251238447e-17,
        -3.6989943010354694e-02,
        -1.3522705968739654e+00,
         1.9260147441399328e-15,
         8.4572475251481032e-03,
        -1.2617574960309425e-02,
         3.6989943010244802e-02,
         1.3522705968765487e+00,
         2.2497657573859937e-15,
        -8.4572475250373133e-03,
        -1.2617574960157330e-02
      ], 
      [
        -2.0565450073767222e-13,
        -1.0513537636248882e-12,
         1.4880669654950146e-12,
         1.0284297154215262e-14,
        -2.3837257071207003e-13,
         2.8110554576873154e-01,
        -1.5250017727894091e-14,
         2.5387732215529603e-13,
         4.3881064600906827e-01,
        -6.8261307150291119e-14,
        -3.7135517436412207e-17,
         7.1500544230015695e-15,
        -1.0294929281752820e-01,
         1.5226405736301285e-17,
         9.6190271150055551e-01,
        -7.2872217604003942e-01,
         4.0432521895849164e-15,
         1.1452631536920931e-01,
        -4.6466512103279935e-02,
        -9.6190271149993845e-01,
         7.2872217603899814e-01,
         4.7746783550500446e-15,
        -1.1452631536901785e-01,
        -4.6466512102864579e-02
      ], 
      [
         1.1132266723379582e-01,
         4.1021650711776075e-01,
        -4.1582453909128658e-01,
         1.8293679359303569e-15,
         3.2484880803714655e-01,
         1.5584710916647189e-13,
        -1.6247750049725619e-15,
         7.1106489563690131e-02,
         2.3813323952108296e-13,
         9.7139587150853968e-02,
        -6.6120198561570911e-16,
         1.4791745680063425e-03,
        -7.7405912893003936e-14,
        -3.9698668416580946e-15,
        -8.5344124407723110e-01,
         5.9704220006520681e-01,
        -2.7567139251065016e-17,
        -4.6902922144483571e-02,
         2.1507551576583472e-01,
        -8.5344124407855493e-01,
         5.9704220006637088e-01,
         6.0976693551316034e-16,
        -4.6902922144648175e-02,
        -2.1507551576593689e-01
      ], 
      [
        -1.3594598963691618e-01,
        -6.0196823035370428e-01,
         1.6275914659084426e-01,
         1.4926153155257129e-13,
         8.0053480323887094e-01,
         1.9478493014145683e-13,
        -1.5620247134977433e-13,
        -1.1128385342342273e+00,
        -4.9968815419707980e-13,
        -6.8313427000716654e-03,
         2.1061207814313004e-15,
        -8.3605827325775976e-03,
        -4.2450911041540006e-15,
         7.2043738850436359e-15,
         3.1578982386155463e-01,
         1.3730137991562774e-02,
        -6.0783394494666040e-15,
        -1.5468842082530304e-01,
         5.5985446151822188e-02,
         3.1578982386187926e-01,
         1.3730137991860498e-02,
        -2.4483091283276976e-15,
        -1.5468842082535619e-01,
        -5.5985446152027434e-02
      ], 
      [
         2.4263264374253513e-14,
         1.1463541622179590e-13,
        -6.2353108527478196e-14,
         9.6647231246037879e-01,
        -1.2124565434819177e-13,
         1.7026182454345044e-13,
        -1.0108677542683919e+00,
         1.6070213268599865e-13,
        -3.4149445530188031e-13,
         1.3130219401809389e-15,
         1.5313919498369209e-03,
         7.5178512980600414e-16,
        -1.4687222061777107e-15,
         6.7864547125769794e-15,
        -1.1096442975600395e-13,
        -1.2989305050657740e-13,
        -3.0363234238142002e-02,
         4.1393590734560995e-14,
        -5.2469282106492164e-14,
         3.2556261489789600e-14,
         1.3637807332161812e-13,
        -3.0363234238104539e-02,
         2.1066977888590094e-15,
        -3.5026351675773110e-14
      ], 
      [
        -4.8274997679935858e-13,
        -3.1039289848930174e-12,
         5.6722767184664403e-12,
        -1.9698078178799817e-13,
        -4.8975586272041784e-13,
         7.8442540139533001e-01,
         2.1538515988593618e-13,
         1.7569749557478309e-12,
        -1.6871691064699716e+00,
         8.0345103786576917e-14,
        -5.4541552140783501e-16,
         8.1089890301796011e-14,
        -2.9327913399918693e-02,
         9.4227284564209896e-16,
        -3.2553739730923242e-01,
        -7.3341480092183620e-01,
        -2.7402174747977754e-15,
         1.4718414605716354e-01,
        -2.6857138888091348e-01,
         3.2553739730674208e-01,
         7.3341480091995603e-01,
        -3.9827494794191305e-15,
        -1.4718414605579724e-01,
        -2.6857138888071724e-01
      ], 
      [
        -2.4706330342258701e-01,
        -1.5529515689132845e+00,
         2.6907313781501125e+00,
         1.2237121341710933e-14,
        -1.1668767840510819e-01,
        -1.6859782684450592e-12,
        -1.5278785295196168e-14,
         6.2132827129384061e-01,
         3.3761548911736827e-12,
         4.8741599967993675e-02,
         2.4359574919302037e-15,
         4.4812628534753610e-02,
         1.1987784544687856e-13,
         2.0222651609157483e-14,
        -5.0451577287836913e-01,
        -4.7584435358677468e-01,
        -3.0483971650938741e-14,
         3.2730471264920308e-01,
         8.9970520394203647e-03,
        -5.0451577287888549e-01,
        -4.7584435359096577e-01,
         3.6581784476271365e-14,
         3.2730471264973288e-01,
        -8.9970520382572864e-03
      ], 
      [
         1.3188636684709594e-15,
        -1.8882537552340263e-14,
         9.7302529480296844e-14,
        -2.4235172392200978e-14,
        -2.0662501631922012e-14,
        -6.2357776689067099e-16,
         1.3721113154334128e-14,
         1.5125001120220786e-13,
        -5.8383685186632787e-16,
        -1.4789982938714202e-15,
         1.5968358614520808e-14,
        -2.7505105055907521e-14,
        -3.0087092142812728e-16,
         1.6939971606617751e-01,
        -8.3025147780975196e-14,
        -1.3404475126555411e-15,
        -6.6890205433683336e-01,
        -8.4455745386336049e-14,
        -6.9958043457483882e-14,
        -8.1208159998613995e-14,
        -1.9000989071766665e-15,
         6.6890205433688366e-01,
        -8.4693201098861299e-14,
         6.7277082456765850e-14
      ], 
      [
         8.7150064932032964e-02,
         7.0689141929852561e-01,
        -1.5915353537105512e+00,
        -3.0244152139136242e-15,
         1.4724750683302479e-01,
         5.1315255734421745e-14,
         1.0103412110335293e-14,
        -1.1639575278647001e+00,
        -1.6601559036902159e-13,
        -1.7207281072706589e-02,
        -3.7730758270861246e-15,
         1.9532662493160824e-01,
        -4.0025351125956466e-14,
         2.4819887098785429e-14,
         7.0016641544374325e-01,
         1.6551799657303368e-01,
        -1.0989484678472362e-13,
         4.3587184174667687e-01,
         4.5140479076074569e-01,
         7.0016641544357572e-01,
         1.6551799657369595e-01,
         9.0946951641943204e-14,
         4.3587184174666471e-01,
        -4.5140479076103845e-01
      ], 
      [
