{
"json_results" :
  {
  "energy" :
    -7.5323405935246782e+01,
  "converged" :
    true,
  "n_iter" :
    10,
  "ao_basis" :
 { 
   "__Basis" : { 
     "n_functions" : 19, 
     "electron_shells" : [
 { 
   "angular_momentum" : 0,
   "exponents" : [
   2.2661767785000002e+03,
   3.4087010191000002e+02,
   7.7363135166999996e+01,
   2.1479644940000000e+01,
   6.6589433123999999e+00
],
   "coefficients" : [
  [
    -5.3893503921742976e-03,
    -4.0234721388960164e-02,
    -1.8008184205525829e-01,
    -4.6828857657650924e-01,
    -4.4692617160187309e-01
  ]
],
   "function_type" : "gto_spherical",
   "center" : [
   0.0000000000000000e+00,
   0.0000000000000000e+00,
  -1.2947693993318282e-01
],
   "radial_threshold" :  9.9999999999999995e-07,
   "center_index" : 0,
   "normalized_primitives" : true
   }, 
 { 
   "angular_momentum" : 0,
   "exponents" : [
   8.0975975668000000e-01
],
   "coefficients" : [
  [
     1.0000000000000002e+00
  ]
],
   "function_type" : "gto_spherical",
   "center" : [
   0.0000000000000000e+00,
   0.0000000000000000e+00,
  -1.2947693993318282e-01
],
   "radial_threshold" :  9.9999999999999995e-07,
   "center_index" : 0,
   "normalized_primitives" : true
   }, 
 { 
   "angular_momentum" : 0,
   "exponents" : [
   2.5530772233999999e-01
],
   "coefficients" : [
  [
     1.0000000000000000e+00
  ]
],
   "function_type" : "gto_spherical",
   "center" : [
   0.0000000000000000e+00,
   0.0000000000000000e+00,
  -1.2947693993318282e-01
],
   "radial_threshold" :  9.9999999999999995e-07,
   "center_index" : 0,
   "normalized_primitives" : true
   }, 
 { 
   "angular_momentum" : 1,
   "exponents" : [
   1.7721504317000001e+01,
   3.8635505440000002e+00,
   1.0480920883000000e+00
],
   "coefficients" : [
  [
     6.2630248763161048e-02,
     3.3331138482351780e-01,
     7.4148638308122361e-01
  ]
],
   "function_type" : "gto_spherical",
   "center" : [
   0.0000000000000000e+00,
   0.0000000000000000e+00,
  -1.2947693993318282e-01
],
   "radial_threshold" :  9.9999999999999995e-07,
   "center_index" : 0,
   "normalized_primitives" : true
   }, 
 { 
   "angular_momentum" : 1,
   "exponents" : [
   2.7641544411000002e-01
],
   "coefficients" : [
  [
     1.0000000000000000e+00
  ]
],
   "function_type" : "gto_spherical",
   "center" : [
   0.0000000000000000e+00,
   0.0000000000000000e+00,
  -1.2947693993318282e-01
],
   "radial_threshold" :  9.9999999999999995e-07,
   "center_index" : 0,
   "normalized_primitives" : true
   }, 
 { 
   "angular_momentum" : 2,
   "exponents" : [
   1.2000000000000000e+00
],
   "coefficients" : [
  [
     1.0000000000000000e+00
  ]
],
   "function_type" : "gto_spherical",
   "center" : [
   0.0000000000000000e+00,
   0.0000000000000000e+00,
  -1.2947693993318282e-01
],
   "radial_threshold" :  9.9999999999999995e-07,
   "center_index" : 0,
   "normalized_primitives" : true
   }, 
 { 
   "angular_momentum" : 0,
   "exponents" : [
   1.3010700999999999e+01,
   1.9622572000000000e+00,
   4.4453796000000001e-01
],
   "coefficients" : [
  [
     3.3485484812988658e-02,
     2.3472187088124863e-01,
     8.1377028525955364e-01
  ]
],
   "function_type" : "gto_spherical",
   "center" : [
   0.0000000000000000e+00,
  -1.4941873392358804e+00,
   1.0274465094732790e+00
],
   "radial_threshold" :  9.9999999999999995e-07,
   "center_index" : 1,
   "normalized_primitives" : true
   }, 
 { 
   "angular_momentum" : 0,
   "exponents" : [
   1.2194961999999999e-01
],
   "coefficients" : [
  [
     1.0000000000000000e+00
  ]
],
   "function_type" : "gto_spherical",
   "center" : [
   0.0000000000000000e+00,
  -1.4941873392358804e+00,
   1.0274465094732790e+00
],
   "radial_threshold" :  9.9999999999999995e-07,
   "center_index" : 1,
   "normalized_primitives" : true
   }, 
 { 
   "angular_momentum" : 1,
   "exponents" : [
   8.0000000000000004e-01
],
   "coefficients" : [
  [
     1.0000000000000000e+00
  ]
],
   "function_type" : "gto_spherical",
   "center" : [
   0.0000000000000000e+00,
  -1.4941873392358804e+00,
   1.0274465094732790e+00
],
   "radial_threshold" :  9.9999999999999995e-07,
   "center_index" : 1,
   "normalized_primitives" : true
   }
     ]
   }
 }
,
  "structure" :
{ "__Atoms": { 
  "atoms" : [ 
[
"O", [
   0.0000000000000000e+00,
   0.0000000000000000e+00,
  -1.2947693993318282e-01
]
],
[
"H", [
   0.0000000000000000e+00,
  -1.4941873392358804e+00,
   1.0274465094732790e+00
]
]
]
}
}
,
  "multiplicity" :
     2.0000000000000000e+00,
  "scf_iterations" :
    {
    "iteration_0" :
      {
      "iteration" :
        0,
      "energy" :
        -7.4953881031432971e+01,
      "norm_orbital_gradient" :
         1.2582321202149507e+00
      },
    "iteration_1" :
      {
      "iteration" :
        1,
      "energy" :
        -7.5307413663775748e+01,
      "energy_change" :
        -3.5353263234277676e-01,
      "norm_orbital_gradient" :
         2.6135509572864596e-01
      },
    "iteration_2" :
      {
      "iteration" :
        2,
      "energy" :
        -7.5321948726950836e+01,
      "energy_change" :
        -1.4535063175088681e-02,
      "norm_orbital_gradient" :
         4.5123205725372630e-02
      },
    "iteration_3" :
      {
      "iteration" :
        3,
      "energy" :
        -7.5323083088741754e+01,
      "energy_change" :
        -1.1343617909176373e-03,
      "norm_orbital_gradient" :
         2.8252959076545708e-02
      },
    "iteration_4" :
      {
      "iteration" :
        4,
      "energy" :
        -7.5323324759794943e+01,
      "energy_change" :
        -2.4167105318895210e-04,
      "norm_orbital_gradient" :
         7.8024132728071070e-03
      },
    "iteration_5" :
      {
      "iteration" :
        5,
      "energy" :
        -7.5323382034623705e+01,
      "energy_change" :
        -5.7274828762388097e-05,
      "norm_orbital_gradient" :
         4.2004722415703473e-03
      },
    "iteration_6" :
      {
      "iteration" :
        6,
      "energy" :
        -7.5323401602392465e+01,
      "energy_change" :
        -1.9567768759998216e-05,
      "norm_orbital_gradient" :
         1.6911138824328576e-03
      },
    "iteration_7" :
      {
      "iteration" :
        7,
      "energy" :
        -7.5323405645669538e+01,
      "energy_change" :
        -4.0432770731513301e-06,
      "norm_orbital_gradient" :
         4.8139432058231623e-04
      },
    "iteration_8" :
      {
      "iteration" :
        8,
      "energy" :
        -7.5323405926979930e+01,
      "energy_change" :
        -2.8131039186973794e-07,
      "norm_orbital_gradient" :
         1.0298664861838168e-04
      },
    "iteration_9" :
      {
      "iteration" :
        9,
      "energy" :
        -7.5323405935080956e+01,
      "energy_change" :
        -8.1010256280933390e-09,
      "norm_orbital_gradient" :
         1.3147961217324663e-05
      },
    "iteration_10" :
      {
      "iteration" :
        10,
      "energy" :
        -7.5323405935244921e+01,
      "energy_change" :
        -1.6396484170400072e-10,
      "norm_orbital_gradient" :
         2.1739708514064408e-06
      }
    },
  "n_channels" :
    2,
  "homo" :
    -5.0345802743912593e-01,
  "lumo" :
     1.3542467628339575e-01,
  "density_alpha" :
    [
      [
         1.0766313369701124e+00,
         1.6501565169660135e-01,
         1.4470468651185628e-01,
        -7.2535173199056874e-16,
        -1.5047160554466848e-02,
         1.9433677140407706e-02,
        -1.1233671803109416e-16,
        -1.2179153548085696e-02,
         1.5729594765752360e-02,
         4.8673252160617740e-03,
         3.3933037086208008e-04,
        -2.7153342408627267e-03,
         3.1751195889299786e-04,
         2.6273764529862609e-04,
         2.3397341471415048e-02,
        -1.0345769429790168e-02,
         2.9952548908619288e-16,
        -5.4453026437818273e-03,
         7.0327058137032630e-03
      ], 
      [
         1.6501565169660135e-01,
         4.0774939120922882e-01,
         2.7512407569277264e-01,
        -3.0493652886171471e-15,
        -2.9838486457049399e-02,
         3.8536939249481164e-02,
        -1.1465086108336367e-15,
        -2.6998828021564950e-02,
         3.4869469561464854e-02,
         9.9483983509108635e-03,
         7.3883946358504528e-04,
        -5.8375934308062972e-03,
        -3.1438323470460563e-04,
         5.7207063553754863e-04,
         4.3538308797078568e-02,
        -1.5934119532409658e-02,
         9.5151872665758287e-17,
        -8.3570707650834977e-03,
         1.0793306451433542e-02
      ], 
      [
         1.4470468651185628e-01,
         2.7512407569277264e-01,
         2.1050944144027911e-01,
         2.5929831478112683e-15,
        -7.1076681624396953e-02,
         9.1796806307786610e-02,
         1.9747564213268574e-15,
        -4.5623547004567187e-02,
         5.8923627436416486e-02,
         8.7574366344103770e-03,
         5.1235077103990202e-04,
        -4.2616781742729577e-03,
         2.6602860682333335e-03,
         3.9670435277603582e-04,
        -3.2018124825333089e-02,
        -2.3463145121900876e-02,
         2.6459344000132366e-16,
        -1.0580288574230977e-03,
         1.3664632038772118e-03
      ], 
      [
        -7.2535173199056874e-16,
        -3.0493652886171471e-15,
         2.5929831478112683e-15,
         4.6665201302816728e-01,
         1.0811397941666960e-03,
         8.3710786935178980e-04,
         3.1115477105516831e-01,
        -1.8958270250768699e-04,
        -1.4679061211046862e-04,
         1.3752440507638055e-05,
         6.8301918428866158e-03,
         2.3819925687667443e-05,
        -7.1132458747439585e-06,
        -8.8213149983500435e-03,
        -1.3151279413470527e-15,
         2.1114907747395961e-16,
         1.5936596231667224e-02,
        -8.9743228056981216e-05,
        -6.9486631454033869e-05
      ], 
      [
        -1.5047160554466848e-02,
        -2.9838486457049399e-02,
        -7.1076681624396953e-02,
         1.0811397941666960e-03,
         3.8412320959513352e-01,
         6.8217696996695762e-02,
        -1.8958270250641138e-04,
         2.5830123158134294e-01,
         7.4989595937169681e-02,
        -1.0111313969140034e-03,
        -6.7161203786325992e-05,
         8.0807521485979725e-03,
        -8.1774607356951603e-03,
        -8.0411560279752362e-05,
         1.2852970314783177e-01,
         2.8092696889361859e-02,
        -8.9743228056933511e-05,
         2.1786280200115152e-03,
         2.0953655819799147e-02
      ], 
      [
         1.9433677140407706e-02,
         3.8536939249481164e-02,
         9.1796806307786610e-02,
         8.3710786935178980e-04,
         6.8217696996695762e-02,
         3.4883861763790908e-01,
        -1.4679061210890257e-04,
         7.4989595937178327e-02,
         2.1951397533890654e-01,
         9.6391341833326448e-03,
         1.1514969679416289e-04,
         3.9971588661570781e-03,
         6.2510921513568574e-03,
         6.7161203786850489e-05,
        -1.6599841178581815e-01,
        -3.6282220780164846e-02,
        -6.9486631453590837e-05,
         2.0953655819798581e-02,
        -8.6593396652426824e-03
      ], 
      [
        -1.1233671803109416e-16,
        -1.1465086108336367e-15,
         1.9747564213268574e-15,
         3.1115477105516831e-01,
        -1.8958270250641138e-04,
        -1.4679061210890257e-04,
         2.0747517406643712e-01,
        -7.8563210354931190e-04,
        -6.0830136846773853e-04,
        -4.2748939881813592e-06,
         4.5542501523109704e-03,
        -7.4043335842567808e-06,
         2.2111255093452205e-06,
        -5.8818955746695349e-03,
         2.1797828609607778e-17,
         3.2405956121096708e-16,
         1.0626644309422480e-02,
        -9.8186153225091101e-05,
        -7.6023842586661183e-05
      ], 
      [
        -1.2179153548085696e-02,
        -2.6998828021564950e-02,
        -4.5623547004567187e-02,
        -1.8958270250768699e-04,
         2.5830123158134294e-01,
         7.4989595937178327e-02,
        -7.8563210354931190e-04,
         1.7650072357449789e-01,
         6.7886197368053139e-02,
        -6.1151726796037671e-05,
        -6.7631579582825543e-05,
         5.8040217660030253e-03,
        -4.7802826728938329e-03,
        -4.3534885280622864e-05,
         6.8008696712666808e-02,
         1.5545687547267810e-02,
        -9.8186153225009014e-05,
         3.5344434513649254e-03,
         1.2644338017432165e-02
      ], 
      [
         1.5729594765752360e-02,
         3.4869469561464854e-02,
         5.8923627436416486e-02,
        -1.4679061211046862e-04,
         7.4989595937169681e-02,
         2.1951397533890654e-01,
        -6.0830136846773853e-04,
         6.7886197368053139e-02,
         1.4138759488334984e-01,
         6.1125904213568680e-03,
         7.8516316699037416e-05,
         2.9545243354621659e-03,
         3.0530243707514153e-03,
         6.7631579583198522e-05,
        -8.7834448889548208e-02,
        -2.0077533673287771e-02,
        -7.6023842586545702e-05,
         1.2644338017431350e-02,
        -3.0056528455721541e-03
      ], 
      [
         4.8673252160617740e-03,
         9.9483983509108635e-03,
         8.7574366344103770e-03,
         1.3752440507638055e-05,
        -1.0111313969140034e-03,
         9.6391341833326448e-03,
        -4.2748939881813592e-06,
        -6.1151726796037671e-05,
         6.1125904213568680e-03,
         4.7415523634762596e-04,
         1.9291041003200786e-05,
        -6.5951343771967496e-05,
         2.0438495997082717e-04,
         1.4584097217793863e-05,
        -4.1588851745894325e-03,
        -1.4597624647588669e-03,
        -1.4007926025724804e-06,
         3.5877342790405242e-04,
        -1.1239079576668651e-04
      ], 
      [
         3.3933037086208008e-04,
         7.3883946358504528e-04,
         5.1235077103990202e-04,
         6.8301918428866158e-03,
        -6.7161203786325992e-05,
         1.1514969679416289e-04,
         4.5542501523109704e-03,
        -6.7631579582825543e-05,
         7.8516316699037416e-05,
         1.9291041003200786e-05,
         1.0131765027469135e-04,
        -1.0459695565224774e-05,
         8.6202333480775593e-07,
        -1.2807102577597069e-04,
         4.6748009533283871e-05,
        -3.5642658562175295e-05,
         2.3325830561629743e-04,
        -1.4182319073725490e-05,
         1.5422960658093590e-05
      ], 
      [
        -2.7153342408627267e-03,
        -5.8375934308062972e-03,
        -4.2616781742729577e-03,
         2.3819925687667443e-05,
         8.0807521485979725e-03,
         3.9971588661570781e-03,
        -7.4043335842567808e-06,
         5.8040217660030253e-03,
         2.9545243354621659e-03,
        -6.5951343771967496e-05,
        -1.0459695565224774e-05,
         2.6647589574547450e-04,
        -8.6429886109792023e-05,
        -8.7095219450345010e-06,
         1.8086412056116140e-04,
         3.9420549671199994e-04,
        -2.4262439585278503e-06,
         3.5377633205532002e-04,
         1.5099201807405405e-04
      ], 
      [
         3.1751195889299786e-04,
        -3.1438323470460563e-04,
         2.6602860682333335e-03,
        -7.1132458747439585e-06,
        -8.1774607356951603e-03,
         6.2510921513568574e-03,
         2.2111255093452205e-06,
        -4.7802826728938329e-03,
         3.0530243707514153e-03,
         2.0438495997082717e-04,
         8.6202333480775593e-07,
        -8.6429886109792023e-05,
         3.5993275011981634e-04,
         8.4983860942621690e-07,
        -7.4349533199991645e-03,
        -1.5021765032767959e-03,
         7.2453919693037823e-07,
         4.7656243552051563e-04,
        -7.9702372037790642e-04
      ], 
      [
         2.6273764529862609e-04,
         5.7207063553754863e-04,
         3.9670435277603582e-04,
        -8.8213149983500435e-03,
        -8.0411560279752362e-05,
         6.7161203786850489e-05,
        -5.8818955746695349e-03,
        -4.3534885280622864e-05,
         6.7631579583198522e-05,
         1.4584097217793863e-05,
        -1.2807102577597069e-04,
        -8.7095219450345010e-06,
         8.4983860942621690e-07,
         1.6756048879007770e-04,
         3.6196176357339468e-05,
        -2.7597494910472681e-05,
        -3.0125727609916516e-04,
        -8.0873664712899791e-06,
         1.4182319073733149e-05
      ], 
      [
         2.3397341471415048e-02,
         4.3538308797078568e-02,
        -3.2018124825333089e-02,
        -1.3151279413470527e-15,
         1.2852970314783177e-01,
        -1.6599841178581815e-01,
         2.1797828609607778e-17,
         6.8008696712666808e-02,
        -8.7834448889548208e-02,
        -4.1588851745894325e-03,
         4.6748009533283871e-05,
         1.8086412056116140e-04,
        -7.4349533199991645e-03,
         3.6196176357339468e-05,
         1.6424204705135431e-01,
         3.0877083168483390e-02,
        -1.2445694815574209e-16,
        -1.2948935957125991e-02,
         1.6723782523065323e-02
      ], 
      [
        -1.0345769429790168e-02,
        -1.5934119532409658e-02,
        -2.3463145121900876e-02,
         2.1114907747395961e-16,
         2.8092696889361859e-02,
        -3.6282220780164846e-02,
         3.2405956121096708e-16,
         1.5545687547267810e-02,
        -2.0077533673287771e-02,
        -1.4597624647588669e-03,
        -3.5642658562175295e-05,
         3.9420549671199994e-04,
        -1.5021765032767959e-03,
        -2.7597494910472681e-05,
         3.0877083168483390e-02,
         7.2985982941091874e-03,
        -1.4929728510063080e-17,
        -2.1264085065842079e-03,
         2.7462946405039956e-03
      ], 
      [
         2.9952548908619288e-16,
         9.5151872665758287e-17,
         2.6459344000132366e-16,
         1.5936596231667224e-02,
        -8.9743228056933619e-05,
        -6.9486631453590783e-05,
         1.0626644309422480e-02,
        -9.8186153225008959e-05,
        -7.6023842586545702e-05,
        -1.4007926025724804e-06,
         2.3325830561629743e-04,
        -2.4262439585278520e-06,
         7.2453919693037823e-07,
        -3.0125727609916510e-04,
        -1.2445694815574209e-16,
        -1.4929728510063080e-17,
         5.4430817865586643e-04,
        -8.3997018887647220e-06,
        -6.5037440941817616e-06
      ], 
      [
        -5.4453026437818273e-03,
        -8.3570707650834977e-03,
        -1.0580288574230988e-03,
        -8.9743228056981216e-05,
         2.1786280200115152e-03,
         2.0953655819798585e-02,
        -9.8186153225091047e-05,
         3.5344434513649254e-03,
         1.2644338017431350e-02,
         3.5877342790405242e-04,
        -1.4182319073725490e-05,
         3.5377633205532002e-04,
         4.7656243552051563e-04,
        -8.0873664712899791e-06,
        -1.2948935957125991e-02,
        -2.1264085065842079e-03,
        -8.3997018887647220e-06,
         1.5693304713244561e-03,
        -1.0257286065945208e-03
      ], 
      [
         7.0327058137032630e-03,
         1.0793306451433542e-02,
         1.3664632038772118e-03,
        -6.9486631454033869e-05,
         2.0953655819799147e-02,
        -8.6593396652426824e-03,
        -7.6023842586661183e-05,
         1.2644338017432165e-02,
        -3.0056528455721541e-03,
        -1.1239079576668651e-04,
         1.5422960658093590e-05,
         1.5099201807405405e-04,
        -7.9702372037790642e-04,
         1.4182319073733149e-05,
         1.6723782523065323e-02,
         2.7462946405039956e-03,
        -6.5037440941817616e-06,
        -1.0257286065945208e-03,
         2.0998733793365309e-03
      ]
    ],
  "density_beta" :
    [
      [
         1.0718149395207253e+00,
         1.4941159715494867e-01,
         1.4462804009169611e-01,
        -9.1415060194607919e-16,
        -1.7195575284859748e-02,
         2.2208393212788318e-02,
        -2.1933006092543713e-16,
        -1.6692662164036486e-02,
         2.1558871917102939e-02,
        -4.0919846736517211e-03,
        -3.3779425468815770e-04,
         2.6164807928821497e-03,
         8.5047000664626089e-04,
        -2.6154825707772939e-04,
         3.0809095189884957e-02,
        -8.6668711153958175e-03,
        -5.8909677551016417e-16,
        -5.8798013512865689e-03,
         7.5938686702434468e-03
      ], 
      [
         1.4941159715494867e-01,
         3.5973277382879254e-01,
         2.6960380340225959e-01,
        -1.9689480947499032e-15,
        -3.2813173851291608e-02,
         4.2378801254217245e-02,
        -7.3567639770348451e-17,
        -3.4719894885745513e-02,
         4.4841365592937416e-02,
        -1.0459265818197718e-02,
        -7.9570562946974820e-04,
         6.2576126495052136e-03,
         7.3320077286934560e-04,
        -6.1610112559926415e-04,
         5.7694520755252846e-02,
        -1.2641365298681330e-02,
        -1.5307083394995039e-16,
        -9.0918113801983537e-03,
         1.1742237104786982e-02
      ], 
      [
         1.4462804009169611e-01,
         2.6960380340225959e-01,
         2.3435914953200720e-01,
        -3.2671729224264348e-15,
        -7.9563326518685279e-02,
         1.0275746006595018e-01,
        -1.4509523982990648e-15,
        -5.6650341419309809e-02,
         7.3164929758819552e-02,
        -5.8830336817519615e-03,
        -5.9904820070996127e-04,
         4.4822426437022131e-03,
         3.6355577227403539e-03,
        -4.6383267514601013e-04,
        -3.3514158178736903e-02,
        -2.7755770293989495e-02,
        -1.5534983292762698e-16,
        -1.6534683247874707e-03,
         2.1354839319766361e-03
      ], 
      [
        -9.1415060194607919e-16,
        -1.9689480947499032e-15,
        -3.2671729224264348e-15,
         8.7058618938362794e-04,
        -1.4988124256950527e-02,
        -1.1605045739683148e-02,
         6.7294194574306712e-04,
        -1.1585455436242998e-02,
        -8.9704180421575977e-03,
        -2.0178779893900082e-04,
         1.1720857655751375e-05,
        -3.4950672010990413e-04,
         1.0437174605651054e-04,
        -1.5137697419113992e-05,
         1.8757646531012681e-15,
         1.7773487262655264e-15,
         4.1684933973748793e-05,
        -7.1765320615031162e-04,
        -5.5566648233132897e-04
      ], 
      [
        -1.7195575284859748e-02,
        -3.2813173851291608e-02,
        -7.9563326518685279e-02,
        -1.4988124256950527e-02,
         3.5734525989906191e-01,
         7.1536194510716911e-02,
        -1.1585455436241419e-02,
         2.5627387364286042e-01,
         8.1055474743508368e-02,
         1.0081147950454529e-03,
        -1.2485254921460517e-04,
         5.8116736427501784e-03,
        -7.2524044003402519e-03,
         3.2018218857699659e-04,
         1.2984629194543881e-01,
         3.3065435741873588e-02,
        -7.1765320615039326e-04,
         4.0131541515378306e-03,
         2.0340340679535988e-02
      ], 
      [
         2.2208393212788318e-02,
         4.2378801254217245e-02,
         1.0275746006595018e-01,
        -1.1605045739683148e-02,
         7.1536194510716911e-02,
         3.2034422432311987e-01,
        -8.9704180421569159e-03,
         8.1055474743519373e-02,
         2.1434913155779503e-01,
         5.8746029930431057e-03,
        -2.5560405932587759e-04,
         4.9243575481117746e-03,
         5.6546194982400955e-03,
         1.2485254921420352e-04,
        -1.6769880977963167e-01,
        -4.2704602000437075e-02,
        -5.5566648233118629e-04,
         2.0340340679535881e-02,
        -6.5075853741901786e-03
      ], 
      [
        -2.1933006092543713e-16,
        -7.3567639770348451e-17,
        -1.4509523982990648e-15,
         6.7294194574306712e-04,
        -1.1585455436241419e-02,
        -8.9704180421569159e-03,
         5.2016775347778254e-04,
        -8.9552752141690353e-03,
        -6.9339149242557720e-03,
        -1.5597705971122629e-04,
         9.0599378359313970e-06,
        -2.7016019223499710e-04,
         8.0676820662177413e-05,
        -1.1701071851946961e-05,
         1.6994457359971961e-15,
         1.3275871447399631e-15,
         3.2221439897095301e-05,
        -5.5472847008691123e-04,
        -4.2951667320722132e-04
      ], 
      [
        -1.6692662164036486e-02,
        -3.4719894885745513e-02,
        -5.6650341419309809e-02,
        -1.1585455436242998e-02,
         2.5627387364286042e-01,
         8.1055474743519373e-02,
        -8.9552752141690353e-03,
         1.8741103952006305e-01,
         7.6450460262540376e-02,
         1.7897628556694516e-03,
        -7.6751219207518833e-05,
         4.2506350499749938e-03,
        -4.4614445471662456e-03,
         2.6279036391194918e-04,
         6.9687948738402686e-02,
         1.8996859472709963e-02,
        -5.5472847008699320e-04,
         5.3197422031834264e-03,
         1.2858425876793537e-02
      ], 
      [
         2.1558871917102939e-02,
         4.4841365592937416e-02,
         7.3164929758819552e-02,
        -8.9704180421575977e-03,
         8.1055474743508368e-02,
         2.1434913155779503e-01,
        -6.9339149242557720e-03,
         7.6450460262540376e-02,
         1.4786817287307069e-01,
         3.2358274566957213e-03,
        -2.2309193416146091e-04,
         4.1185003976570702e-03,
         2.8927570622516914e-03,
         7.6751219207229108e-05,
        -9.0003232932721625e-02,
        -2.4534783977254851e-02,
        -4.2951667320721687e-04,
         1.2858425876792876e-02,
        -1.3310878636272399e-03
      ], 
      [
        -4.0919846736517211e-03,
        -1.0459265818197718e-02,
        -5.8830336817519615e-03,
        -2.0178779893900082e-04,
         1.0081147950454529e-03,
         5.8746029930431057e-03,
        -1.5597705971122629e-04,
         1.7897628556694516e-03,
         3.2358274566957213e-03,
         4.7232580419186664e-04,
         2.0263002141649121e-05,
        -1.1389830632422113e-04,
         1.4587323717349650e-04,
         2.1301463972441089e-05,
        -6.4734392163045074e-03,
        -7.6587038884343519e-04,
        -9.6618935357002723e-06,
         7.5603834161880996e-04,
        -6.3281093214672887e-04
      ], 
      [
        -3.3779425468815770e-04,
        -7.9570562946974820e-04,
        -5.9904820070996127e-04,
         1.1720857655751375e-05,
        -1.2485254921460517e-04,
        -2.5560405932587759e-04,
         9.0599378359313970e-06,
        -7.6751219207518833e-05,
        -2.2309193416146091e-04,
         2.0263002141649121e-05,
         1.9180968297744148e-06,
        -1.8530608462408619e-05,
        -4.6270257250909162e-07,
         1.1591658994307539e-06,
        -1.2159178331654476e-04,
         2.9420532220842233e-05,
         5.6121172544872512e-07,
         1.0051233110082001e-05,
        -3.2940893135612119e-05
      ], 
      [
         2.6164807928821497e-03,
         6.2576126495052136e-03,
         4.4822426437022131e-03,
        -3.4950672010990413e-04,
         5.8116736427501784e-03,
         4.9243575481117746e-03,
        -2.7016019223499710e-04,
         4.2506350499749938e-03,
         4.1185003976570702e-03,
        -1.1389830632422113e-04,
        -1.8530608462408619e-05,
         2.5055221715888015e-04,
        -4.9575019777276116e-05,
        -4.6273640804894708e-06,
         1.5164233680591294e-03,
        -9.8927064152491164e-05,
        -1.6734890501167993e-05,
         9.5095450653447878e-05,
         4.7236041560026206e-04
      ], 
      [
         8.5047000664626089e-04,
         7.3320077286934560e-04,
         3.6355577227403539e-03,
         1.0437174605651054e-04,
        -7.2524044003402519e-03,
         5.6546194982400955e-03,
         8.0676820662177413e-05,
        -4.4614445471662456e-03,
         2.8927570622516914e-03,
         1.4587323717349650e-04,
        -4.6270257250909162e-07,
        -4.9575019777276116e-05,
         3.1561189161206650e-04,
        -3.2610750229481528e-06,
        -7.4374619826165483e-03,
        -1.8119748006948568e-03,
         4.9974711248012905e-06,
         4.0771676334198443e-04,
        -7.0430900822346040e-04
      ], 
      [
        -2.6154825707772939e-04,
        -6.1610112559926415e-04,
        -4.6383267514601013e-04,
        -1.5137697419113992e-05,
         3.2018218857699659e-04,
         1.2485254921420352e-04,
        -1.1701071851946961e-05,
         2.6279036391194918e-04,
         7.6751219207229108e-05,
         2.1301463972441089e-05,
         1.1591658994307539e-06,
        -4.6273640804894708e-06,
        -3.2610750229481528e-06,
         1.3185354612063880e-06,
        -9.4146417708110264e-05,
         2.2779809951941941e-05,
        -7.2481498687341132e-07,
         2.7742041890687564e-05,
        -1.0051233110092199e-05
      ], 
      [
         3.0809095189884957e-02,
         5.7694520755252846e-02,
        -3.3514158178736903e-02,
         1.8757646531012681e-15,
         1.2984629194543881e-01,
        -1.6769880977963167e-01,
         1.6994457359971961e-15,
         6.9687948738402686e-02,
        -9.0003232932721625e-02,
        -6.4734392163045074e-03,
        -1.2159178331654476e-04,
         1.5164233680591294e-03,
        -7.4374619826165483e-03,
        -9.4146417708110264e-05,
         1.9892111681610042e-01,
         4.2712524592061089e-02,
        -7.5865994965548541e-17,
        -1.4352303742420065e-02,
         1.8536257132471600e-02
      ], 
      [
        -8.6668711153958175e-03,
        -1.2641365298681330e-02,
        -2.7755770293989495e-02,
         1.7773487262655264e-15,
         3.3065435741873588e-02,
        -4.2704602000437075e-02,
         1.3275871447399631e-15,
         1.8996859472709963e-02,
        -2.4534783977254851e-02,
        -7.6587038884343519e-04,
         2.9420532220842233e-05,
        -9.8927064152491164e-05,
        -1.8119748006948568e-03,
         2.2779809951941941e-05,
         4.2712524592061089e-02,
         1.1022825124017538e-02,
         5.2878876945772121e-17,
        -2.7138847284902262e-03,
         3.5050306945818314e-03
      ], 
      [
        -5.8909677551016427e-16,
        -1.5307083394995039e-16,
        -1.5534983292762701e-16,
         4.1684933973748793e-05,
        -7.1765320615039326e-04,
        -5.5566648233118618e-04,
         3.2221439897095301e-05,
        -5.5472847008699320e-04,
        -4.2951667320721687e-04,
        -9.6618935357002740e-06,
         5.6121172544872512e-07,
        -1.6734890501167989e-05,
         4.9974711248012905e-06,
        -7.2481498687341132e-07,
        -7.5865994965548541e-17,
         5.2878876945772115e-17,
         1.9959353152914536e-06,
        -3.4362280127133140e-05,
        -2.6606120002685227e-05
      ], 
      [
        -5.8798013512865697e-03,
        -9.0918113801983537e-03,
        -1.6534683247874694e-03,
        -7.1765320615031162e-04,
         4.0131541515378306e-03,
         2.0340340679535881e-02,
        -5.5472847008691123e-04,
         5.3197422031834272e-03,
         1.2858425876792876e-02,
         7.5603834161880996e-04,
         1.0051233110082001e-05,
         9.5095450653447837e-05,
         4.0771676334198437e-04,
         2.7742041890687564e-05,
        -1.4352303742420065e-02,
        -2.7138847284902267e-03,
        -3.4362280127133140e-05,
         1.7006073217904507e-03,
        -9.7426719432644341e-04
      ], 
      [
         7.5938686702434468e-03,
         1.1742237104786982e-02,
         2.1354839319766361e-03,
        -5.5566648233132897e-04,
         2.0340340679535988e-02,
        -6.5075853741901786e-03,
        -4.2951667320722132e-04,
         1.2858425876793537e-02,
        -1.3310878636272399e-03,
        -6.3281093214672887e-04,
        -3.2940893135612119e-05,
         4.7236041560026206e-04,
        -7.0430900822346040e-04,
        -1.0051233110092199e-05,
         1.8536257132471600e-02,
         3.5050306945818314e-03,
        -2.6606120002685227e-05,
        -9.7426719432644341e-04,
         2.2045325775895469e-03
      ]
    ],
  "orbitals_alpha" :
    [
      [
        -9.9022111590782758e-01,
         3.2980943532788465e-02,
        -1.1280536245043561e-02,
         3.8553721602110093e-17,
         1.3507437703424560e-03,
        -1.7445097523358254e-03,
         8.4986526987054781e-17,
        -5.0227185202883593e-04,
         6.4869308556257210e-04,
        -6.3488819459435610e-05,
         1.9489741280096943e-05,
        -1.1653848190704547e-04,
        -5.1299565003707975e-04,
         1.5090570049783747e-05,
        -1.2373892793962153e-03,
         2.7849173617838590e-03,
        -2.2602116072638436e-16,
         1.3002422578170785e-03,
        -1.6792861451349534e-03
      ], 
      [
         2.9864914437214374e-01,
         6.1298714817441435e-01,
         3.7279049984636042e-01,
        -1.0512361229860918e-15,
         4.5871835130464576e-02,
        -5.9244295994356676e-02,
         1.1559364488957407e-15,
         8.2594729814594679e-03,
        -1.0667257167264670e-02,
         1.1392764574593053e-02,
         1.0904148088634194e-03,
        -8.2374024409477154e-03,
        -5.5580810318960434e-03,
         8.4428935303352409e-04,
         1.7581763778587198e-01,
        -1.6594115142117257e-03,
         2.0101146952059623e-16,
        -2.0976175198078345e-02,
         2.7091105658416440e-02
      ], 
      [
        -8.3079282292010462e-02,
        -1.7580786315155078e-01,
        -2.6722543697523282e-01,
         6.1389702398546985e-15,
         3.2991630533165378e-01,
        -4.2609281252525888e-01,
         5.6126097120992965e-15,
         1.8227406235338181e-01,
        -2.3541021351001890e-01,
        -1.6875661602920852e-02,
        -3.9694703220380400e-04,
         4.4612797005410933e-03,
        -1.7687309493350355e-02,
        -3.0734923103077410e-04,
         3.6514199178199358e-01,
         8.5370304455493914e-02,
        -1.2972641438611527e-16,
        -2.5358204990333869e-02,
         3.2750575555993713e-02
      ], 
      [
         1.5731504834155555e-16,
        -2.2884171178142806e-15,
         7.7783590653570943e-15,
         6.8244592143793992e-01,
         2.4782479476341424e-02,
         1.9188645819531391e-02,
         4.5496475438067652e-01,
         1.6521682280909385e-02,
         1.2792453230265340e-02,
         3.6272447684405099e-04,
         9.9885017584428314e-03,
         6.2825722304297906e-04,
        -1.8761385566801463e-04,
        -1.2900328775473891e-02,
        -5.3784658931497133e-15,
        -1.8997843494486784e-15,
         2.3295398875607543e-02,
         8.4595383515771358e-04,
         6.5500744338355371e-04
      ], 
      [
        -9.7076428809043876e-16,
        -7.7415065145297013e-15,
         2.2506909041113109e-14,
        -3.0324533646677147e-02,
         5.2207108712844807e-01,
         4.0423062563553158e-01,
        -2.1960107872408218e-02,
         3.7806805288381251e-01,
         2.9273156341719764e-01,
         7.7095134271190028e-03,
        -4.4780759763160603e-04,
         1.3353268957405608e-02,
        -3.9876314716052368e-03,
         5.7835152631647213e-04,
        -9.8488541157901349e-15,
        -3.2373510146280880e-14,
        -1.2777205806471139e-03,
         2.1997402511022845e-02,
         1.7032208828688795e-02
      ], 
      [
         7.0570512014498210e-02,
         9.0626125092055559e-02,
         8.1411825581757424e-01,
         5.2188664340883629e-16,
         1.4806343610364253e-01,
        -1.9122657747444369e-01,
         4.7013817184087054e-16,
         2.8637961926066235e-01,
        -3.6986440333103704e-01,
        -3.5009348655808763e-03,
         2.7770501752718879e-04,
        -1.3621943324658070e-03,
        -1.1330097068666800e-02,
         2.1502219859478039e-04,
        -9.9044407268768869e-02,
        -1.4468992921378581e+00,
         2.2210342648104574e-15,
         1.2253847816481110e-02,
        -1.5826063750154929e-02
      ], 
      [
         5.5069768258131375e-02,
         1.7780668518701773e-01,
        -1.5248504990624545e-01,
        -6.1264553049714241e-15,
         2.2400481965190755e-01,
        -2.8930623337559186e-01,
         4.0970369195981753e-15,
         1.5815592017791708e-01,
        -2.0426120127172268e-01,
         6.2371880060732278e-02,
         4.8616099490360977e-04,
        -1.0256032784160540e-02,
         8.6242995384297166e-02,
         3.7642606145883392e-04,
        -1.3271061798916173e+00,
         9.0741096441995373e-01,
         7.8874729989922403e-15,
        -1.2956355395305674e-01,
         1.6733364860283650e-01
      ], 
      [
        -2.7135474281925766e-14,
        -1.4147211242014820e-13,
         1.5157345150969936e-13,
        -9.3141375440920782e-01,
        -3.3823547811631202e-02,
        -2.6188988875715850e-02,
         1.0431526858896691e+00,
         3.7881258011265226e-02,
         2.9330803799182691e-02,
         7.0812856640122735e-07,
         1.9500044500197035e-05,
         1.2265146575100631e-06,
        -3.6626899931250066e-07,
        -2.5184656444861154e-05,
         1.7658838295818468e-14,
        -3.7822404309760932e-14,
         3.9269116079322618e-02,
         1.4260266384779055e-03,
         1.1041477960724985e-03
      ], 
      [
        -2.4106663420834262e-01,
        -1.2410711673956938e+00,
         1.1922807431738585e+00,
         1.0847961645260641e-13,
         3.5262099339876152e-01,
        -4.5541632348819133e-01,
        -1.2122511498185429e-13,
        -4.7062556427867697e-01,
         6.0782133859214971e-01,
        -8.4247767694700069e-03,
        -5.6392230045748453e-04,
         4.5511278171744196e-03,
        -1.0478640897657171e-03,
        -4.3663529726920073e-04,
         2.4449415210037145e-01,
        -2.1953071877356117e-01,
        -6.2724595129238927e-15,
        -6.9634165062216091e-02,
         8.9933770352135400e-02
      ], 
      [
        -3.8729021135583981e-14,
        -1.3262134357885032e-13,
        -1.8199472783075753e-13,
        -4.3498636019235162e-02,
         7.4887813477289011e-01,
         5.7984340525122069e-01,
         4.7275394528689035e-02,
        -8.1389929697218888e-01,
        -6.3018816810656475e-01,
         7.3015570275921298e-05,
        -4.2411142324529126e-06,
         1.2646667746766196e-04,
        -3.7766220747194230e-05,
         5.4774749296244179e-06,
         3.7762477862435238e-13,
         1.2018956987234916e-13,
         2.0851603286184592e-03,
        -3.5898389478574919e-02,
        -2.7795502941815126e-02
      ], 
      [
        -1.9312372247283729e-01,
        -1.2373626605418866e+00,
         2.2460328972431287e+00,
        -2.1673124030908070e-16,
        -3.0225877494999492e-01,
         3.9037261707806353e-01,
        -1.4715519568669076e-15,
         9.1086384141678189e-01,
        -1.1763969520295210e+00,
         1.1647653859425379e-02,
         1.1211414063050258e-04,
        -2.0507659547255321e-03,
         1.5651725819217692e-02,
         8.6808042672993909e-05,
        -8.2511544532137115e-01,
        -8.6006846061630027e-01,
        -3.1886840935463199e-15,
         2.2890230099051462e-01,
        -2.9563141817005067e-01
      ], 
      [
         5.4881235846486807e-15,
         2.7909479910664809e-14,
        -2.8770679977630515e-14,
        -3.0575130386543043e-02,
        -1.1103114803511836e-03,
        -8.5969500212408503e-04,
         3.9592914839980159e-01,
         1.4377851322861311e-02,
         1.1132521947352158e-02,
        -4.4082754190615360e-03,
        -1.2139259847592702e-01,
        -7.6353569995747488e-03,
         2.2801150763634560e-03,
         1.5678071337625168e-01,
        -1.6677391602477160e-14,
         1.8976946488824030e-14,
        -9.7935255618859718e-01,
        -3.5564407173480278e-02,
        -2.7536906211697125e-02
      ], 
      [
        -7.9412922117752349e-14,
        -4.1764568373980443e-13,
         4.5325598384402001e-13,
        -1.5935979620664937e-03,
         2.7435588299380177e-02,
         2.1242902157217899e-02,
         1.8643425402044209e-02,
        -3.2096761918360162e-01,
        -2.4851968383267531e-01,
         9.0633017822788126e-02,
        -5.2644248383707515e-03,
         1.5698099171240384e-01,
        -4.6878584187433785e-02,
         6.7990988910183580e-03,
         1.5928835028314296e-13,
        -2.6326991635562601e-13,
