{
"json_results" :
  {
  "energy" :
    -7.5955313284346602e+01,
  "converged" :
    true,
  "n_iter" :
    9,
  "ao_basis" :
 { 
   "basis" : { 
     "n_functions" : 24, 
     "shells" : [
 { 
   "angmom" : 0,
   "exponents" : [
   2.2661767785000002e+03,
   3.4087010191000002e+02,
   7.7363135166999996e+01,
   2.1479644940000000e+01,
   6.6589433123999999e+00
],
   "contraction" : [
  [
    -5.3893503921742976e-03,
    -4.0234721388960164e-02,
    -1.8008184205525829e-01,
    -4.6828857657650924e-01,
    -4.4692617160187309e-01
  ]
],
   "spherical" : true,
   "center" : [
   0.0000000000000000e+00,
   0.0000000000000000e+00,
  -1.2947694003796478e-01
]
   }, 
 { 
   "angmom" : 0,
   "exponents" : [
   8.0975975668000000e-01
],
   "contraction" : [
  [
     1.0000000000000002e+00
  ]
],
   "spherical" : true,
   "center" : [
   0.0000000000000000e+00,
   0.0000000000000000e+00,
  -1.2947694003796478e-01
]
   }, 
 { 
   "angmom" : 0,
   "exponents" : [
   2.5530772233999999e-01
],
   "contraction" : [
  [
     1.0000000000000000e+00
  ]
],
   "spherical" : true,
   "center" : [
   0.0000000000000000e+00,
   0.0000000000000000e+00,
  -1.2947694003796478e-01
]
   }, 
 { 
   "angmom" : 1,
   "exponents" : [
   1.7721504317000001e+01,
   3.8635505440000002e+00,
   1.0480920883000000e+00
],
   "contraction" : [
  [
     6.2630248763161034e-02,
     3.3331138482351780e-01,
     7.4148638308122361e-01
  ]
],
   "spherical" : true,
   "center" : [
   0.0000000000000000e+00,
   0.0000000000000000e+00,
  -1.2947694003796478e-01
]
   }, 
 { 
   "angmom" : 1,
   "exponents" : [
   2.7641544411000002e-01
],
   "contraction" : [
  [
     1.0000000000000000e+00
  ]
],
   "spherical" : true,
   "center" : [
   0.0000000000000000e+00,
   0.0000000000000000e+00,
  -1.2947694003796478e-01
]
   }, 
 { 
   "angmom" : 2,
   "exponents" : [
   1.2000000000000000e+00
],
   "contraction" : [
  [
     1.0000000000000000e+00
  ]
],
   "spherical" : true,
   "center" : [
   0.0000000000000000e+00,
   0.0000000000000000e+00,
  -1.2947694003796478e-01
]
   }, 
 { 
   "angmom" : 0,
   "exponents" : [
   1.3010700999999999e+01,
   1.9622572000000000e+00,
   4.4453796000000001e-01
],
   "contraction" : [
  [
     3.3485484812988658e-02,
     2.3472187088124863e-01,
     8.1377028525955364e-01
  ]
],
   "spherical" : true,
   "center" : [
   0.0000000000000000e+00,
  -1.4941873404450832e+00,
   1.0274465103047619e+00
]
   }, 
 { 
   "angmom" : 0,
   "exponents" : [
   1.2194961999999999e-01
],
   "contraction" : [
  [
     1.0000000000000000e+00
  ]
],
   "spherical" : true,
   "center" : [
   0.0000000000000000e+00,
  -1.4941873404450832e+00,
   1.0274465103047619e+00
]
   }, 
 { 
   "angmom" : 1,
   "exponents" : [
   8.0000000000000004e-01
],
   "contraction" : [
  [
     1.0000000000000000e+00
  ]
],
   "spherical" : true,
   "center" : [
   0.0000000000000000e+00,
  -1.4941873404450832e+00,
   1.0274465103047619e+00
]
   }, 
 { 
   "angmom" : 0,
   "exponents" : [
   1.3010700999999999e+01,
   1.9622572000000000e+00,
   4.4453796000000001e-01
],
   "contraction" : [
  [
     3.3485484812988658e-02,
     2.3472187088124863e-01,
     8.1377028525955364e-01
  ]
],
   "spherical" : true,
   "center" : [
   0.0000000000000000e+00,
   1.4941873404450832e+00,
   1.0274465103047619e+00
]
   }, 
 { 
   "angmom" : 0,
   "exponents" : [
   1.2194961999999999e-01
],
   "contraction" : [
  [
     1.0000000000000000e+00
  ]
],
   "spherical" : true,
   "center" : [
   0.0000000000000000e+00,
   1.4941873404450832e+00,
   1.0274465103047619e+00
]
   }, 
 { 
   "angmom" : 1,
   "exponents" : [
   8.0000000000000004e-01
],
   "contraction" : [
  [
     1.0000000000000000e+00
  ]
],
   "spherical" : true,
   "center" : [
   0.0000000000000000e+00,
   1.4941873404450832e+00,
   1.0274465103047619e+00
]
   }
     ]
   }
 }
,
  "structure" :
{ 
  "atoms" : [ 
[
"O", [
   0.0000000000000000e+00,
   0.0000000000000000e+00,
  -1.2947694003796478e-01
]
],
[
"H", [
   0.0000000000000000e+00,
  -1.4941873404450832e+00,
   1.0274465103047619e+00
]
],
[
"H", [
   0.0000000000000000e+00,
   1.4941873404450832e+00,
   1.0274465103047619e+00
]
]
]
}
,
  "scf_iterations" :
    {
    "iteration_0" :
      {
      "iteration" :
        0,
      "energy" :
        -7.5765175141289774e+01,
      "norm_orbital_gradient" :
         4.7572018106005300e+00
      },
    "iteration_1" :
      {
      "iteration" :
        1,
      "energy" :
        -7.5910655769095470e+01,
      "energy_change" :
        -1.4548062780569637e-01,
      "norm_orbital_gradient" :
         6.7881530548242663e-01
      },
    "iteration_2" :
      {
      "iteration" :
        2,
      "energy" :
        -7.5943272707361089e+01,
      "energy_change" :
        -3.2616938265618955e-02,
      "norm_orbital_gradient" :
         3.6021547013961663e-01
      },
    "iteration_3" :
      {
      "iteration" :
        3,
      "energy" :
        -7.5951101206628323e+01,
      "energy_change" :
        -7.8284992672337239e-03,
      "norm_orbital_gradient" :
         1.9891441251895103e-01
      },
    "iteration_4" :
      {
      "iteration" :
        4,
      "energy" :
        -7.5954700702125649e+01,
      "energy_change" :
        -3.5994954973261883e-03,
      "norm_orbital_gradient" :
         7.7288914617083357e-02
      },
    "iteration_5" :
      {
      "iteration" :
        5,
      "energy" :
        -7.5955094094788194e+01,
      "energy_change" :
        -3.9339266254501126e-04,
      "norm_orbital_gradient" :
         4.5002048337076828e-02
      },
    "iteration_6" :
      {
      "iteration" :
        6,
      "energy" :
        -7.5955313259052986e+01,
      "energy_change" :
        -2.1916426479151596e-04,
      "norm_orbital_gradient" :
         2.8444227294510167e-04
      },
    "iteration_7" :
      {
      "iteration" :
        7,
      "energy" :
        -7.5955313283945699e+01,
      "energy_change" :
        -2.4892713668123179e-08,
      "norm_orbital_gradient" :
         3.9208757811849196e-05
      },
    "iteration_8" :
      {
      "iteration" :
        8,
      "energy" :
        -7.5955313284306186e+01,
      "energy_change" :
        -3.6048675156052923e-10,
      "norm_orbital_gradient" :
         1.4776776304996151e-05
      },
    "iteration_9" :
      {
      "iteration" :
        9,
      "energy" :
        -7.5955313284346047e+01,
      "energy_change" :
        -3.9861447476141620e-11,
      "norm_orbital_gradient" :
         1.6251972012421274e-06
      }
    },
  "n_channels" :
    1,
  "homo" :
    -4.9508814500249115e-01,
  "lumo" :
     1.6933368867801080e-01,
  "density" :
    [
      [
         2.1364355289740513e+00,
         2.8431965289497813e-01,
         2.5680933206159773e-01,
         6.2451921729574301e-17,
        -6.3891012958643745e-02,
        -1.0332837459305244e-15,
         1.9603613896285016e-16,
        -6.7170308526481148e-02,
        -9.2673190939326825e-15,
         7.0642559012513572e-05,
        -3.1934493775948471e-19,
        -2.5298713007580087e-03,
        -2.0265922629384856e-15,
        -6.2398225305601986e-16,
         6.3952493398602400e-02,
        -1.1093594489661488e-02,
        -1.7347114004710999e-16,
        -1.2819277609372513e-02,
         1.4459550770019886e-02,
         6.3952493398607591e-02,
        -1.1093594489638429e-02,
        -6.6245651530979224e-17,
        -1.2819277609377054e-02,
        -1.4459550770024861e-02
      ], 
      [
         2.8431965289497813e-01,
         7.0031883961561070e-01,
         4.7317648065863888e-01,
         4.6967482187263925e-16,
        -1.2562953677203975e-01,
         8.5203716320097120e-16,
         3.9424877715351969e-16,
        -1.4131547294119970e-01,
        -1.0956130240288026e-14,
        -2.4843452224720306e-03,
        -8.9237697352964547e-18,
        -5.0208470920813774e-03,
        -1.5047385504476996e-15,
        -1.3160464467590155e-17,
         1.1953161653122832e-01,
        -1.6074252960626322e-02,
        -5.9961862631162179e-17,
        -2.0311001441635071e-02,
         2.1662846734295638e-02,
         1.1953161653123118e-01,
        -1.6074252960590688e-02,
        -9.2569732149444566e-17,
        -2.0311001441641784e-02,
        -2.1662846734302414e-02
      ], 
      [
         2.5680933206159773e-01,
         4.7317648065863888e-01,
         3.9873963234994914e-01,
        -2.3999873105135234e-16,
        -2.9653343920250236e-01,
        -5.6988264687905045e-15,
        -1.8455201580076621e-16,
        -2.3150614175119499e-01,
        -9.6762610521383138e-15,
         2.5743938595873019e-04,
        -1.8375642009803375e-17,
        -1.0084746498423194e-02,
        -1.2689039726810142e-15,
        -6.3956300230336879e-17,
        -1.7164700969558092e-02,
        -3.4527451810783642e-02,
        -1.3433399365920970e-16,
        -1.3865436733195713e-02,
        -1.7305405245254812e-04,
        -1.7164700969566168e-02,
        -3.4527451810764186e-02,
        -2.2582787466141318e-17,
        -1.3865436733198434e-02,
         1.7305405244996686e-04
      ], 
      [
         6.2451921729574301e-17,
         4.6967482187263925e-16,
        -2.3999873105135234e-16,
         8.0395676024272544e-01,
         1.1352428925266423e-16,
        -1.0286096668590569e-15,
         6.3228216420401240e-01,
         5.0493872364116091e-17,
        -1.7941415195763688e-17,
        -1.8507730021598648e-17,
         2.2587949369016404e-02,
         3.9520806712947123e-17,
        -1.1692173828046567e-16,
         9.3908456094226362e-16,
        -5.8945697169121195e-16,
         1.0523763224434474e-18,
         3.4640692687838877e-02,
         1.0077670656610625e-16,
        -1.6970188171712451e-16,
         6.0000180255443708e-16,
        -4.4174191298944249e-16,
         3.4640692687843255e-02,
        -1.4700514606015972e-16,
        -2.0571765926348041e-16
      ], 
      [
        -6.3891012958643745e-02,
        -1.2562953677203975e-01,
        -2.9653343920250236e-01,
         1.1352428925266423e-16,
         6.0240440779220661e-01,
        -1.2397573291644657e-15,
         1.3056581376144083e-16,
         3.9790024785127354e-01,
        -1.1254308325027291e-15,
        -4.7801425042971147e-03,
        -1.3720328242685461e-18,
         1.9229181378974725e-02,
        -8.4374825369057528e-17,
         1.0307675777535012e-16,
         2.4859555139604447e-01,
         6.7469426482260092e-02,
         1.9917074512672006e-16,
         3.6609596270839790e-03,
         3.7223925630006080e-02,
         2.4859555139604794e-01,
         6.7469426482260106e-02,
        -1.5235632752363594e-16,
         3.6609596270822807e-03,
        -3.7223925630008863e-02
      ], 
      [
        -1.0332837459305244e-15,
         8.5203716320097120e-16,
        -5.6988264687905045e-15,
        -1.0286096668590569e-15,
        -1.2397573291644657e-15,
         4.7227356268862852e-01,
        -5.4378834800528100e-16,
         8.2287012532706319e-16,
         2.3199683257122791e-01,
        -1.2649417934171426e-15,
         6.3746995147863742e-17,
         5.1722928651266060e-17,
         2.4168433860226230e-02,
        -1.2953326601106363e-16,
        -3.0945325403381185e-01,
        -9.0244238924849507e-02,
        -1.6862681893828063e-16,
         2.8903916487937099e-02,
        -2.1348280593578052e-02,
         3.0945325403380280e-01,
         9.0244238924861220e-02,
         1.6839830529073912e-17,
        -2.8903916487939108e-02,
        -2.1348280593574520e-02
      ], 
      [
         1.9603613896285016e-16,
         3.9424877715351969e-16,
        -1.8455201580076621e-16,
         6.3228216420401240e-01,
         1.3056581376144083e-16,
        -5.4378834800528100e-16,
         4.9726646374589906e-01,
         6.3979469928936787e-17,
         1.1615271551470012e-16,
        -1.4990407899699373e-17,
         1.7764584139650038e-02,
         3.2343508295554620e-17,
        -7.8384372035227590e-17,
         7.3855516605629767e-16,
        -6.1033133730099796e-16,
        -4.5532666601797683e-17,
         2.7243619589168142e-02,
         9.4454517201486121e-17,
        -1.4099000784321822e-16,
         6.7264119629545851e-16,
        -2.9243219396855968e-16,
         2.7243619589171590e-02,
        -1.3287500564862583e-16,
        -1.7823705387996562e-16
      ], 
      [
        -6.7170308526481148e-02,
        -1.4131547294119970e-01,
        -2.3150614175119499e-01,
         5.0493872364116091e-17,
         3.9790024785127354e-01,
         8.2287012532706319e-16,
         6.3979469928936787e-17,
         2.6787023519397296e-01,
         1.0598941338769985e-15,
        -2.8568574536745155e-03,
         3.9703689852481793e-19,
         1.2788782167993704e-02,
         1.6366357847708812e-16,
         6.7826147446933919e-17,
         1.4935636500659832e-01,
         4.4740660195770353e-02,
         1.3403986150251704e-16,
         4.1131107925070605e-03,
         2.2035861386220223e-02,
         1.4935636500660254e-01,
         4.4740660195767924e-02,
        -8.9069861632833678e-17,
         4.1131107925063458e-03,
        -2.2035861386221569e-02
      ], 
      [
        -9.2673190939326825e-15,
        -1.0956130240288026e-14,
        -9.6762610521383138e-15,
        -1.7941415195763688e-17,
        -1.1254308325027291e-15,
         2.3199683257122791e-01,
         1.1615271551470012e-16,
         1.0598941338769985e-15,
         1.1396473267881760e-01,
        -5.5998938896201541e-16,
         4.5007170483866579e-17,
         2.6313154129468752e-17,
         1.1872356504267028e-02,
        -6.3631144746048839e-17,
        -1.5201396062908185e-01,
        -4.4331038708109151e-02,
        -6.1836554626040982e-17,
         1.4198586590217185e-02,
        -1.0487001326850752e-02,
         1.5201396062907108e-01,
         4.4331038708114889e-02,
         2.9270969960074563e-17,
        -1.4198586590217497e-02,
        -1.0487001326847925e-02
      ], 
      [
         7.0642559012513572e-05,
        -2.4843452224720306e-03,
         2.5743938595873019e-04,
        -1.8507730021598648e-17,
        -4.7801425042971147e-03,
        -1.2649417934171426e-15,
        -1.4990407899699373e-17,
        -2.8568574536745155e-03,
        -5.5998938896201541e-16,
         5.6367436675742303e-05,
        -3.6145300492907443e-19,
        -1.4740650956809488e-04,
        -5.7192779642653175e-17,
        -1.1547603123513425e-18,
        -2.8474224063535177e-03,
        -5.2652249806152700e-04,
        -2.2006943903165819e-18,
         6.9716001688262087e-05,
        -4.4419849555660918e-04,
        -2.8474224063552273e-03,
        -5.2652249806219270e-04,
         1.1893110578959836e-18,
         6.9716001688466744e-05,
         4.4419849555678292e-04
      ], 
      [
        -3.1934493775948471e-19,
        -8.9237697352964547e-18,
        -1.8375642009803375e-17,
         2.2587949369016404e-02,
        -1.3720328242685461e-18,
         6.3746995147863742e-17,
         1.7764584139650038e-02,
         3.9703689852481793e-19,
         4.5007170483866579e-17,
        -3.6145300492907443e-19,
         6.3463047010539186e-04,
         9.9907501371067911e-19,
         1.4561365359734692e-18,
         2.6384496735103818e-17,
        -8.4943774371340478e-17,
        -1.8126550903509916e-17,
         9.7326405005205186e-04,
         9.1276272726104345e-18,
        -1.0222945577083529e-17,
         6.9887275985840457e-17,
         4.8394735053270299e-18,
         9.7326405005217491e-04,
        -9.1743161536137166e-18,
        -8.7006967864294378e-18
      ], 
      [
        -2.5298713007580087e-03,
        -5.0208470920813774e-03,
        -1.0084746498423194e-02,
         3.9520806712947123e-17,
         1.9229181378974725e-02,
         5.1722928651266060e-17,
         3.2343508295554620e-17,
         1.2788782167993704e-02,
         2.6313154129468752e-17,
        -1.4740650956809488e-04,
         9.9907501371067911e-19,
         6.1532800286669858e-04,
         4.3629338122161032e-18,
         3.3034525028153254e-18,
         7.6775246473288908e-03,
         2.1568070163889234e-03,
         7.9697023079757369e-18,
         1.4635716360863614e-04,
         1.1438244194254808e-03,
         7.6775246473291163e-03,
         2.1568070163889052e-03,
        -3.0971841121514405e-18,
         1.4635716360858131e-04,
        -1.1438244194255664e-03
      ], 
      [
        -2.0265922629384856e-15,
        -1.5047385504476996e-15,
        -1.2689039726810142e-15,
        -1.1692173828046567e-16,
        -8.4374825369057528e-17,
         2.4168433860226230e-02,
        -7.8384372035227590e-17,
         1.6366357847708812e-16,
         1.1872356504267028e-02,
        -5.7192779642653175e-17,
         1.4561365359734692e-18,
         4.3629338122161032e-18,
         1.2368111226273267e-03,
        -6.6288194377531964e-18,
        -1.5836161694867294e-02,
        -4.6182172622685176e-03,
        -1.1399228486381229e-17,
         1.4791477845241938e-03,
        -1.0924907687361858e-03,
         1.5836161694865993e-02,
         4.6182172622691248e-03,
        -1.9080377760413260e-18,
        -1.4791477845242009e-03,
        -1.0924907687358582e-03
      ], 
      [
        -6.2398225305601986e-16,
        -1.3160464467590155e-17,
        -6.3956300230336879e-17,
         9.3908456094226362e-16,
         1.0307675777535012e-16,
        -1.2953326601106363e-16,
         7.3855516605629767e-16,
         6.7826147446933919e-17,
        -6.3631144746048839e-17,
        -1.1547603123513425e-18,
         2.6384496735103818e-17,
         3.3034525028153254e-18,
        -6.6288194377531964e-18,
         1.3382198812024772e-30,
         1.2299592486947238e-16,
         3.7227140327059531e-17,
         4.0463046387810372e-17,
        -6.1480200183384047e-18,
         1.0581859359631079e-17,
        -4.6755227172793257e-17,
        -1.2276503027742620e-17,
         4.0463046387815346e-17,
         9.7072765681531286e-18,
         1.1287792510236224e-18
      ], 
      [
         6.3952493398602400e-02,
         1.1953161653122832e-01,
        -1.7164700969558092e-02,
        -5.8945697169121195e-16,
         2.4859555139604447e-01,
        -3.0945325403381185e-01,
        -6.1033133730099796e-16,
         1.4935636500659832e-01,
        -1.5201396062908185e-01,
        -2.8474224063535177e-03,
        -8.4943774371340478e-17,
         7.6775246473288908e-03,
        -1.5836161694867294e-02,
         1.2299592486947238e-16,
         3.4914955496858396e-01,
         8.6431930861436357e-02,
         1.2465750254709398e-16,
        -2.2446152228155263e-02,
         3.6899968816251738e-02,
        -5.6383695238980777e-02,
        -3.1831616367909744e-02,
        -1.6766687106367529e-16,
         1.5431940971020767e-02,
        -8.9234085358115469e-03
      ], 
      [
        -1.1093594489661488e-02,
        -1.6074252960626322e-02,
        -3.4527451810783642e-02,
         1.0523763224434474e-18,
         6.7469426482260092e-02,
        -9.0244238924849507e-02,
        -4.5532666601797683e-17,
         4.4740660195770353e-02,
        -4.4331038708109151e-02,
        -5.2652249806152700e-04,
        -1.8126550903509916e-17,
         2.1568070163889234e-03,
        -4.6182172622685176e-03,
         3.7227140327059531e-17,
         8.6431930861436357e-02,
         2.4811692535022436e-02,
         4.5892047810185038e-17,
        -5.0478766681176382e-03,
         8.1507563352084412e-03,
        -3.1831616367909078e-02,
        -9.6768890944991266e-03,
        -2.8778489454590362e-17,
         5.9983141478653183e-03,
         7.9020641885310162e-06
      ], 
      [
        -1.7347114004710999e-16,
        -5.9961862631162179e-17,
        -1.3433399365920970e-16,
         3.4640692687838877e-02,
         1.9917074512672006e-16,
        -1.6862681893828063e-16,
         2.7243619589168142e-02,
         1.3403986150251704e-16,
        -6.1836554626040982e-17,
        -2.2006943903165819e-18,
         9.7326405005205186e-04,
         7.9697023079757369e-18,
        -1.1399228486381229e-17,
         4.0463046387810372e-17,
         1.2465750254709398e-16,
         4.5892047810185038e-17,
         1.4925897128236154e-03,
        -6.1821427201363453e-19,
         8.1252657137314331e-18,
         1.3007262347633393e-17,
        -2.0693035649716635e-17,
         1.4925897128238040e-03,
         3.9209250188481949e-18,
        -1.3063160630352532e-17
      ], 
      [
        -1.2819277609372513e-02,
        -2.0311001441635071e-02,
        -1.3865436733195713e-02,
         1.0077670656610625e-16,
         3.6609596270839790e-03,
         2.8903916487937099e-02,
         9.4454517201486121e-17,
         4.1131107925070605e-03,
         1.4198586590217185e-02,
         6.9716001688262087e-05,
         9.1276272726104345e-18,
         1.4635716360863614e-04,
         1.4791477845241938e-03,
        -6.1480200183384047e-18,
        -2.2446152228155263e-02,
        -5.0478766681176382e-03,
        -6.1821427201363453e-19,
         2.3683860916712922e-03,
        -1.9484808227429326e-03,
         1.5431940971021390e-02,
         5.9983141478647892e-03,
         1.1413005244908988e-17,
        -1.1695480818425899e-03,
        -6.6461873728707651e-04
      ], 
      [
         1.4459550770019886e-02,
         2.1662846734295638e-02,
        -1.7305405245254812e-04,
        -1.6970188171712451e-16,
         3.7223925630006080e-02,
        -2.1348280593578052e-02,
        -1.4099000784321822e-16,
         2.2035861386220223e-02,
        -1.0487001326850752e-02,
        -4.4419849555660918e-04,
        -1.0222945577083529e-17,
         1.1438244194254808e-03,
        -1.0924907687361858e-03,
         1.0581859359631079e-17,
         3.6899968816251738e-02,
         8.1507563352084412e-03,
         8.1252657137314331e-18,
        -1.9484808227429326e-03,
         4.5710327335559903e-03,
         8.9234085358070245e-03,
        -7.9020641884272038e-06,
        -2.6237146211537328e-17,
         6.6461873728715717e-04,
        -2.6410111515414105e-03
      ], 
      [
         6.3952493398607591e-02,
         1.1953161653123118e-01,
        -1.7164700969566168e-02,
         6.0000180255443708e-16,
         2.4859555139604794e-01,
         3.0945325403380280e-01,
         6.7264119629545851e-16,
         1.4935636500660254e-01,
         1.5201396062907108e-01,
        -2.8474224063552273e-03,
         6.9887275985840457e-17,
         7.6775246473291163e-03,
         1.5836161694865993e-02,
        -4.6755227172793257e-17,
        -5.6383695238980777e-02,
        -3.1831616367909078e-02,
         1.3007262347633393e-17,
         1.5431940971021390e-02,
         8.9234085358070245e-03,
         3.4914955496857791e-01,
         8.6431930861452164e-02,
        -3.6266207182517383e-17,
        -2.2446152228158656e-02,
        -3.6899968816252536e-02
      ], 
      [
        -1.1093594489638429e-02,
        -1.6074252960590688e-02,
        -3.4527451810764186e-02,
        -4.4174191298944249e-16,
         6.7469426482260106e-02,
         9.0244238924861220e-02,
        -2.9243219396855968e-16,
         4.4740660195767924e-02,
         4.4331038708114889e-02,
        -5.2652249806219270e-04,
         4.8394735053270299e-18,
         2.1568070163889052e-03,
         4.6182172622691248e-03,
        -1.2276503027742620e-17,
        -3.1831616367909744e-02,
        -9.6768890944991266e-03,
        -2.0693035649716635e-17,
         5.9983141478647892e-03,
        -7.9020641884272038e-06,
         8.6431930861452164e-02,
         2.4811692535026783e-02,
        -2.4483905071818509e-17,
        -5.0478766681199680e-03,
        -8.1507563352102002e-03
      ], 
      [
        -6.6245651530979224e-17,
        -9.2569732149444566e-17,
        -2.2582787466141318e-17,
         3.4640692687843255e-02,
        -1.5235632752363594e-16,
         1.6839830529073912e-17,
         2.7243619589171590e-02,
        -8.9069861632833678e-17,
         2.9270969960074563e-17,
         1.1893110578959836e-18,
         9.7326405005217491e-04,
        -3.0971841121514405e-18,
        -1.9080377760413260e-18,
         4.0463046387815346e-17,
        -1.6766687106367529e-16,
        -2.8778489454590362e-17,
         1.4925897128238040e-03,
         1.1413005244908988e-17,
        -2.6237146211537328e-17,
        -3.6266207182517383e-17,
        -2.4483905071818509e-17,
         1.4925897128239929e-03,
        -6.7495816289708406e-18,
         4.5318758312595924e-18
      ], 
      [
        -1.2819277609377054e-02,
        -2.0311001441641784e-02,
        -1.3865436733198434e-02,
        -1.4700514606015972e-16,
         3.6609596270822807e-03,
        -2.8903916487939108e-02,
        -1.3287500564862583e-16,
         4.1131107925063458e-03,
        -1.4198586590217497e-02,
         6.9716001688466744e-05,
        -9.1743161536137166e-18,
         1.4635716360858131e-04,
        -1.4791477845242009e-03,
         9.7072765681531286e-18,
         1.5431940971020767e-02,
         5.9983141478653183e-03,
         3.9209250188481949e-18,
        -1.1695480818425899e-03,
         6.6461873728715717e-04,
        -2.2446152228158656e-02,
        -5.0478766681199680e-03,
        -6.7495816289708406e-18,
         2.3683860916719306e-03,
         1.9484808227434327e-03
      ], 
      [
        -1.4459550770024861e-02,
        -2.1662846734302414e-02,
         1.7305405244996686e-04,
        -2.0571765926348041e-16,
        -3.7223925630008863e-02,
        -2.1348280593574520e-02,
        -1.7823705387996562e-16,
        -2.2035861386221569e-02,
        -1.0487001326847925e-02,
         4.4419849555678292e-04,
        -8.7006967864294378e-18,
        -1.1438244194255664e-03,
        -1.0924907687358582e-03,
         1.1287792510236224e-18,
        -8.9234085358115469e-03,
         7.9020641885310162e-06,
        -1.3063160630352532e-17,
        -6.6461873728707651e-04,
        -2.6410111515414105e-03,
        -3.6899968816252536e-02,
        -8.1507563352102002e-03,
         4.5318758312595924e-18,
         1.9484808227434327e-03,
         4.5710327335566799e-03
      ]
    ],
  "orbitals" :
    [
      [
         9.9044225464366753e-01,
        -3.2654245623362499e-02,
         1.0780326014357714e-02,
        -2.2466307224992300e-18,
        -2.4859826298626814e-03,
        -2.5408215803694496e-16,
         6.4868940267531626e-17,
         4.7442259277873561e-04,
        -1.6427231625715927e-15,
         6.6932727230327080e-04,
         4.4266244589795322e-18,
        -7.1405172044084313e-05,
        -6.0780356331887577e-16,
        -3.0694783858092150e-16,
         1.1811908692559725e-03,
        -1.7353655328887548e-03,
        -6.8275033144176165e-17,
        -1.3241577596832608e-03,
         1.6652786594167227e-03,
         1.1811908692584278e-03,
        -1.7353655328859923e-03,
        -5.7327719578206634e-18,
        -1.3241577596838977e-03,
        -1.6652786594175430e-03
      ], 
      [
         2.8007730044386658e-01,
         5.5790419480599962e-01,
         3.1412436080244122e-01,
         2.0007562983274561e-17,
         7.6729841397060947e-02,
         5.4985081006962082e-15,
         5.3416115146271776e-17,
         9.7567088795706550e-04,
        -7.2596370564111242e-15,
        -3.5451673991039900e-03,
        -1.9469101173194503e-17,
         1.5864582182383230e-03,
        -1.0816337489849089e-15,
         2.6843271601115615e-18,
         1.7817310354659580e-01,
         6.7987719959640711e-03,
        -1.2148524156885851e-17,
        -1.6305453461117069e-02,
         2.9979917372669911e-02,
         1.7817310354660620e-01,
         6.7987719959966449e-03,
        -1.4389353769957778e-16,
        -1.6305453461123991e-02,
        -2.9979917372677054e-02
      ], 
      [
        -4.7800239977191743e-15,
        -7.6628756031263776e-15,
        -1.3015207951168969e-14,
        -1.0132725404290992e-15,
         4.0281256765773812e-15,
         4.8593907163791045e-01,
        -5.2405327517155467e-16,
         4.9932965653357234e-15,
         2.3870979523138300e-01,
        -1.3053212615051849e-15,
         6.6858695094378706e-17,
         2.3367071047687453e-16,
         2.4867761485780408e-02,
        -1.3328138605366388e-16,
        -3.1840746309075924e-01,
        -9.2855508223151195e-02,
        -1.7156285239260152e-16,
         2.9740268044832808e-02,
        -2.1966005451693100e-02,
         3.1840746309075052e-01,
         9.2855508223164490e-02,
         1.9270381949121009e-17,
        -2.9740268044834383e-02,
        -2.1966005451689471e-02
      ], 
      [
        -9.3800908734778046e-02,
        -1.9451485667795076e-01,
        -3.1714269138111389e-01,
        -7.0186037829521918e-16,
         5.4342299843275788e-01,
        -5.5202551663602104e-15,
        -5.1901837114088180e-16,
         3.6596986294845146e-01,
        -1.7874132228188925e-15,
        -3.8945484273215122e-03,
        -2.1067664024573134e-17,
         1.7468315690315959e-02,
        -1.1202191388923035e-16,
         9.3057055077313203e-17,
         2.0357901388184202e-01,
         6.1110277907612844e-02,
         1.5003865557257658e-16,
         5.6646532208034141e-03,
         3.0024029919192400e-02,
         2.0357901388183902e-01,
         6.1110277907606897e-02,
        -1.5451099328946674e-16,
         5.6646532208032667e-03,
        -3.0024029919193621e-02
      ], 
      [
        -5.9915818863011236e-17,
         1.3734550566359319e-16,
        -5.5022111539483454e-16,
         6.3401764969231156e-01,
         6.8866924110577882e-16,
        -3.4567043721676685e-17,
         4.9863135869392483e-01,
         4.4492172706586433e-16,
         3.6735156056706059e-16,
        -1.8792631968265651e-17,
         1.7813344297259174e-02,
         5.0454148156298855e-17,
        -5.2463916897098703e-17,
         7.4058234924374801e-16,
        -7.5398553540349798e-16,
        -8.0140973028148753e-17,
         2.7318397764360333e-02,
         1.3378555537862647e-16,
        -1.3663956810911985e-16,
         1.2017904051554118e-15,
        -1.3253899578325902e-16,
         2.7318397764363789e-02,
        -1.5668099600549974e-16,
        -2.2963552044280157e-16
      ], 
      [
        -8.7484085074942625e-02,
        -9.0945342135730856e-02,
        -1.0523253914466677e+00,
         2.3233805776584233e-16,
        -2.0276086949928576e-01,
         1.2266367045118728e-14,
         2.1291194367705705e-16,
        -3.8319516070786092e-01,
         3.7643968682168676e-14,
         7.8116325256809161e-03,
        -1.1088597490889299e-16,
        -7.9242105555414472e-03,
         1.3620184607989898e-15,
         2.0296622034222474e-17,
         7.5646731169086739e-02,
         8.7560656723163077e-01,
        -9.2444118038943179e-17,
        -1.1126629235435608e-02,
         1.3292746578471903e-02,
         7.5646731169092207e-02,
         8.7560656723145402e-01,
        -1.0138921582442624e-16,
        -1.1126629235431180e-02,
        -1.3292746578463922e-02
      ], 
      [
        -1.1447379301672722e-14,
        -2.9579420009902131e-14,
        -3.2925511470361728e-14,
        -1.2243404025787033e-16,
        -1.5437595297908596e-14,
        -2.9583806261387890e-01,
        -2.8312209320796940e-16,
        -1.3957165681185411e-14,
        -6.5725873999785722e-01,
        -8.9828521507302576e-16,
         4.8258319413371157e-17,
        -5.1383117008322837e-16,
        -1.5751206053922145e-02,
        -6.1507293525479630e-17,
        -3.6989943252479035e-02,
        -1.3522705953806824e+00,
         1.1398344846424877e-16,
         8.4572474556084461e-03,
        -1.2617574910015816e-02,
         3.6989943252484919e-02,
         1.3522705953807703e+00,
        -2.6722185934018810e-16,
        -8.4572474556045621e-03,
        -1.2617574910005853e-02
      ], 
      [
         1.4354359807119322e-14,
         5.6045875509317305e-14,
        -5.3320023384800956e-14,
         1.4879589062517038e-15,
         2.5725770146214421e-14,
        -2.8110554591474030e-01,
        -2.0310778314182250e-15,
         1.1024203139943056e-14,
        -4.3881064452072405e-01,
         8.5847372344818916e-15,
         1.5653230110087749e-16,
         1.8751472751265846e-16,
         1.0294929270588825e-01,
         1.9619941631847455e-16,
        -9.6190271133764116e-01,
         7.2872217723109711e-01,
        -1.6640487775863723e-16,
        -1.1452631516575544e-01,
         4.6466511934741675e-02,
         9.6190271133749150e-01,
        -7.2872217723099397e-01,
        -1.9868538297423115e-16,
         1.1452631516574124e-01,
         4.6466511934704816e-02
      ], 
      [
        -1.1132266714125327e-01,
        -4.1021650708299501e-01,
         4.1582453949113174e-01,
         1.4325116076350706e-16,
        -3.2484880796039245e-01,
        -1.7492662945127842e-14,
         2.2360042098526232e-16,
        -7.1106489758701902e-02,
        -3.7705187124630651e-14,
        -9.7139586989927279e-02,
        -5.4060810908661100e-17,
        -1.4791745900925646e-03,
         1.1413787211262564e-14,
         8.4184130806251051e-17,
         8.5344124445022729e-01,
        -5.9704220063866265e-01,
         3.6107389075979543e-16,
         4.6902922034144992e-02,
        -2.1507551522317800e-01,
         8.5344124445039982e-01,
        -5.9704220063881275e-01,
        -9.4486680481377251e-16,
         4.6902922034160556e-02,
         2.1507551522319099e-01
      ], 
      [
        -1.3594598977031805e-01,
        -6.0196823124360932e-01,
         1.6275914968378266e-01,
        -1.0634655881679342e-14,
         8.0053480329131266e-01,
        -1.4118936852607261e-14,
         1.0868206575857833e-14,
        -1.1128385328176675e+00,
         2.2966838323295394e-14,
        -6.8313427366924083e-03,
         3.8275369671803298e-16,
        -8.3605827916867163e-03,
         1.6452010890816174e-15,
         6.7336826818174299e-17,
         3.1578982255503313e-01,
         1.3730137655781191e-02,
        -7.7552588010245396e-16,
        -1.5468842101695290e-01,
         5.5985445842209075e-02,
         3.1578982255503701e-01,
         1.3730137655747808e-02,
         2.1623005122276923e-15,
        -1.5468842101694807e-01,
        -5.5985445842201213e-02
      ], 
      [
         1.0214456913277346e-15,
         3.3394601310835790e-15,
         4.0118981988723445e-15,
        -9.6647231240302467e-01,
        -9.2067890652560856e-15,
         7.8757073268976026e-15,
         1.0108677538536326e+00,
         1.3702134485803285e-14,
        -1.7372551474495219e-14,
         1.7329521222577745e-16,
        -1.5313918935630330e-03,
         1.7345545404840628e-16,
         4.9166846179687412e-16,
        -8.5320973285303316e-16,
        -9.3194826521189215e-15,
        -6.5427977138378960e-15,
         3.0363234800642062e-02,
         3.1791591618954907e-15,
        -2.4474218142438830e-15,
         2.5478090629571829e-16,
         4.3006059966842040e-15,
         3.0363234800641747e-02,
         1.7740963387452205e-15,
        -1.1498978575845738e-15
      ], 
      [
         3.1757601408212059e-14,
         1.9291252702985064e-13,
        -3.2580183759693143e-13,
        -1.0005729385261419e-14,
         8.6754921170519459e-17,
        -7.8442540174192721e-01,
         1.0212881471965065e-14,
        -6.5418330707699927e-14,
         1.6871691055933264e+00,
        -2.7201915784212154e-15,
        -3.3933785014466896e-16,
        -4.4729566274889988e-15,
         2.9327913076214126e-02,
        -8.3178102058945757e-16,
         3.2553739692058864e-01,
         7.3341479971098666e-01,
         1.8382632846809470e-15,
        -1.4718414561485962e-01,
         2.6857138900942190e-01,
        -3.2553739692045575e-01,
        -7.3341479971088452e-01,
        -1.6500481398007253e-15,
         1.4718414561478937e-01,
         2.6857138900941280e-01
      ], 
      [
        -2.4706330343374941e-01,
        -1.5529515690587816e+00,
         2.6907313761355645e+00,
         2.2262228487667591e-15,
        -1.1668767914810513e-01,
        -9.6815572441952544e-14,
        -2.7619086714455862e-15,
         6.2132827147875758e-01,
         1.9500090458114791e-13,
         4.8741600117818674e-02,
         7.7085619281444020e-18,
         4.4812628617758296e-02,
        -1.3900514013337225e-16,
         2.0204530355344119e-16,
        -5.0451577232211064e-01,
        -4.7584435309009776e-01,
         6.1426828762775231e-16,
         3.2730471273319633e-01,
         8.9970521104802085e-03,
        -5.0451577232215750e-01,
        -4.7584435309029921e-01,
         2.8180728691111127e-16,
         3.2730471273322281e-01,
        -8.9970521104305468e-03
      ], 
      [
        -2.7920324058403448e-17,
         4.6258891383365892e-17,
        -3.5316499650881798e-15,
         2.0539178918567203e-15,
         2.0367653496387623e-15,
         2.7033475241872667e-15,
         1.2551590951329131e-14,
        -4.0840782273906037e-15,
        -4.3405801242677982e-15,
         1.2152170199635751e-16,
        -3.3182547188643481e-15,
         1.3071943902484265e-16,
        -3.8549581355786530e-16,
        -1.6939971614566487e-01,
        -1.3181656045395751e-17,
        -1.9497485118790085e-16,
         6.6890205432945726e-01,
        -8.7779817222584946e-16,
         7.9772878060422613e-17,
         1.4553504676188890e-15,
         3.1984286840475227e-15,
        -6.6890205432948757e-01,
         3.3760383674663069e-16,
        -2.3784567725728132e-15
      ], 
      [
         8.7150064988441356e-02,
         7.0689141946898448e-01,
        -1.5915353520281075e+00,
        -1.9541268645557462e-17,
         1.4724750831403527e-01,
         8.3107112315191452e-15,
         5.8063101110558772e-16,
        -1.1639575278032273e+00,
        -6.7396088365368660e-15,
        -1.7207280925794630e-02,
        -4.4279270599916540e-16,
         1.9532662511591026e-01,
         2.0178225389742099e-15,
         1.2515896801324334e-16,
         7.0016641459092921e-01,
         1.6551799636992565e-01,
        -1.3412405103891453e-15,
         4.3587184152978398e-01,
         4.5140479088473767e-01,
         7.0016641459092610e-01,
         1.6551799636994424e-01,
        -1.5234302696166788e-16,
         4.3587184152980052e-01,
        -4.5140479088474150e-01
      ], 
      [
         3.4707973058826414e-16,
         2.6164530110989657e-15,
        -4.1689250450005970e-15,
         3.4232119024673643e-02,
        -3.3894208429663334e-16,
         4.4832322244067879e-17,
        -5.7565098549426175e-01,
        -1.1974422858310671e-15,
         4.9128159268188813e-16,
         2.4982500995225991e-17,
         1.9965597966140519e-01,
         5.0805221057966361e-17,
         5.0745036109036909e-16,
        -3.4530165113892145e-15,
         1.7428358379016530e-15,
         1.0302065845114404e-15,
         7.3440022950968264e-01,
         1.0082967942714229e-15,
         1.0709311852661721e-15,
         8.0651320245080395e-16,
         2.3565434190882641e-16,
         7.3440022950965522e-01,
         2.7956621047368826e-16,
         6.6875376435431260e-16
      ], 
      [
        -1.4586158775305175e-15,
        -9.0999747452736316e-15,
         7.2518978090716619e-15,
        -1.3450861343527762e-16,
        -6.2526990088550309e-15,
        -5.9133928121921406e-02,
        -3.0279838325288555e-16,
         6.2739120880074571e-15,
         8.0565361355628795e-01,
         2.1129989558062881e-16,
         1.0103671761917886e-15,
        -1.9984448996850726e-15,
        -2.1683631684223083e-02,
         5.0779542443558708e-17,
         3.3750600926798241e-01,
         7.6141835227379120e-02,
        -4.3855209906560911e-16,
        -6.5921345859867575e-01,
        -4.4683308839848773e-01,
        -3.3750600926797897e-01,
        -7.6141835227383353e-02,
         1.6582231549582639e-15,
         6.5921345859866176e-01,
        -4.4683308839848662e-01
      ], 
      [
         1.2444837865025936e-16,
         6.7880108046765365e-15,
        -3.2820892863067312e-14,
        -8.0246985203553549e-16,
