{
"json_results" :
  {
  "energy" :
    -7.5823009117205473e+01,
  "converged" :
    true,
  "n_iter" :
    8,
  "ao_basis" :
 { 
   "__Basis" : { 
     "n_functions" : 24, 
     "electron_shells" : [
 { 
   "angular_momentum" : 0,
   "exponents" : [
   2.2661767785000002e+03,
   3.4087010191000002e+02,
   7.7363135166999996e+01,
   2.1479644940000000e+01,
   6.6589433123999999e+00
],
   "coefficients" : [
  [
    -5.3893503921742976e-03,
    -4.0234721388960164e-02,
    -1.8008184205525829e-01,
    -4.6828857657650924e-01,
    -4.4692617160187309e-01
  ]
],
   "function_type" : "gto_spherical",
   "center" : [
   0.0000000000000000e+00,
   0.0000000000000000e+00,
  -1.2947693993318282e-01
],
   "radial_threshold" :  9.9999999999999995e-07,
   "center_index" : 0,
   "normalized_primitives" : true
   }, 
 { 
   "angular_momentum" : 0,
   "exponents" : [
   8.0975975668000000e-01
],
   "coefficients" : [
  [
     1.0000000000000002e+00
  ]
],
   "function_type" : "gto_spherical",
   "center" : [
   0.0000000000000000e+00,
   0.0000000000000000e+00,
  -1.2947693993318282e-01
],
   "radial_threshold" :  9.9999999999999995e-07,
   "center_index" : 0,
   "normalized_primitives" : true
   }, 
 { 
   "angular_momentum" : 0,
   "exponents" : [
   2.5530772233999999e-01
],
   "coefficients" : [
  [
     1.0000000000000000e+00
  ]
],
   "function_type" : "gto_spherical",
   "center" : [
   0.0000000000000000e+00,
   0.0000000000000000e+00,
  -1.2947693993318282e-01
],
   "radial_threshold" :  9.9999999999999995e-07,
   "center_index" : 0,
   "normalized_primitives" : true
   }, 
 { 
   "angular_momentum" : 1,
   "exponents" : [
   1.7721504317000001e+01,
   3.8635505440000002e+00,
   1.0480920883000000e+00
],
   "coefficients" : [
  [
     6.2630248763161048e-02,
     3.3331138482351780e-01,
     7.4148638308122361e-01
  ]
],
   "function_type" : "gto_spherical",
   "center" : [
   0.0000000000000000e+00,
   0.0000000000000000e+00,
  -1.2947693993318282e-01
],
   "radial_threshold" :  9.9999999999999995e-07,
   "center_index" : 0,
   "normalized_primitives" : true
   }, 
 { 
   "angular_momentum" : 1,
   "exponents" : [
   2.7641544411000002e-01
],
   "coefficients" : [
  [
     1.0000000000000000e+00
  ]
],
   "function_type" : "gto_spherical",
   "center" : [
   0.0000000000000000e+00,
   0.0000000000000000e+00,
  -1.2947693993318282e-01
],
   "radial_threshold" :  9.9999999999999995e-07,
   "center_index" : 0,
   "normalized_primitives" : true
   }, 
 { 
   "angular_momentum" : 2,
   "exponents" : [
   1.2000000000000000e+00
],
   "coefficients" : [
  [
     1.0000000000000000e+00
  ]
],
   "function_type" : "gto_spherical",
   "center" : [
   0.0000000000000000e+00,
   0.0000000000000000e+00,
  -1.2947693993318282e-01
],
   "radial_threshold" :  9.9999999999999995e-07,
   "center_index" : 0,
   "normalized_primitives" : true
   }, 
 { 
   "angular_momentum" : 0,
   "exponents" : [
   1.3010700999999999e+01,
   1.9622572000000000e+00,
   4.4453796000000001e-01
],
   "coefficients" : [
  [
     3.3485484812988658e-02,
     2.3472187088124863e-01,
     8.1377028525955364e-01
  ]
],
   "function_type" : "gto_spherical",
   "center" : [
   0.0000000000000000e+00,
  -1.4941873392358804e+00,
   1.0274465094732790e+00
],
   "radial_threshold" :  9.9999999999999995e-07,
   "center_index" : 1,
   "normalized_primitives" : true
   }, 
 { 
   "angular_momentum" : 0,
   "exponents" : [
   1.2194961999999999e-01
],
   "coefficients" : [
  [
     1.0000000000000000e+00
  ]
],
   "function_type" : "gto_spherical",
   "center" : [
   0.0000000000000000e+00,
  -1.4941873392358804e+00,
   1.0274465094732790e+00
],
   "radial_threshold" :  9.9999999999999995e-07,
   "center_index" : 1,
   "normalized_primitives" : true
   }, 
 { 
   "angular_momentum" : 1,
   "exponents" : [
   8.0000000000000004e-01
],
   "coefficients" : [
  [
     1.0000000000000000e+00
  ]
],
   "function_type" : "gto_spherical",
   "center" : [
   0.0000000000000000e+00,
  -1.4941873392358804e+00,
   1.0274465094732790e+00
],
   "radial_threshold" :  9.9999999999999995e-07,
   "center_index" : 1,
   "normalized_primitives" : true
   }, 
 { 
   "angular_momentum" : 0,
   "exponents" : [
   1.3010700999999999e+01,
   1.9622572000000000e+00,
   4.4453796000000001e-01
],
   "coefficients" : [
  [
     3.3485484812988658e-02,
     2.3472187088124863e-01,
     8.1377028525955364e-01
  ]
],
   "function_type" : "gto_spherical",
   "center" : [
   0.0000000000000000e+00,
   1.4941873392358804e+00,
   1.0274465094732790e+00
],
   "radial_threshold" :  9.9999999999999995e-07,
   "center_index" : 2,
   "normalized_primitives" : true
   }, 
 { 
   "angular_momentum" : 0,
   "exponents" : [
   1.2194961999999999e-01
],
   "coefficients" : [
  [
     1.0000000000000000e+00
  ]
],
   "function_type" : "gto_spherical",
   "center" : [
   0.0000000000000000e+00,
   1.4941873392358804e+00,
   1.0274465094732790e+00
],
   "radial_threshold" :  9.9999999999999995e-07,
   "center_index" : 2,
   "normalized_primitives" : true
   }, 
 { 
   "angular_momentum" : 1,
   "exponents" : [
   8.0000000000000004e-01
],
   "coefficients" : [
  [
     1.0000000000000000e+00
  ]
],
   "function_type" : "gto_spherical",
   "center" : [
   0.0000000000000000e+00,
   1.4941873392358804e+00,
   1.0274465094732790e+00
],
   "radial_threshold" :  9.9999999999999995e-07,
   "center_index" : 2,
   "normalized_primitives" : true
   }
     ]
   }
 }
,
  "structure" :
{ "__Atoms": { 
  "atoms" : [ 
[
"O", [
   0.0000000000000000e+00,
   0.0000000000000000e+00,
  -1.2947693993318282e-01
]
],
[
"H", [
   0.0000000000000000e+00,
  -1.4941873392358804e+00,
   1.0274465094732790e+00
]
],
[
"H", [
   0.0000000000000000e+00,
   1.4941873392358804e+00,
   1.0274465094732790e+00
]
]
]
}
}
,
  "multiplicity" :
     2.0000000000000000e+00,
  "scf_iterations" :
    {
    "iteration_0" :
      {
      "iteration" :
        0,
      "energy" :
        -7.6246493333018208e+01,
      "norm_orbital_gradient" :
         2.2482946487427578e+00
      },
    "iteration_1" :
      {
      "iteration" :
        1,
      "energy" :
        -7.5812655688734864e+01,
      "energy_change" :
         4.3383764428334359e-01,
      "norm_orbital_gradient" :
         1.4562201453188151e-01
      },
    "iteration_2" :
      {
      "iteration" :
        2,
      "energy" :
        -7.5818813332035802e+01,
      "energy_change" :
        -6.1576433009378206e-03,
      "norm_orbital_gradient" :
         1.1054664778925485e-01
      },
    "iteration_3" :
      {
      "iteration" :
        3,
      "energy" :
        -7.5818672068576376e+01,
      "energy_change" :
         1.4126345942599983e-04,
      "norm_orbital_gradient" :
         1.0660134843486026e-01
      },
    "iteration_4" :
      {
      "iteration" :
        4,
      "energy" :
        -7.5822984099029483e+01,
      "energy_change" :
        -4.3120304531072406e-03,
      "norm_orbital_gradient" :
         9.1646540092897282e-03
      },
    "iteration_5" :
      {
      "iteration" :
        5,
      "energy" :
        -7.5822988143284888e+01,
      "energy_change" :
        -4.0442554052333435e-06,
      "norm_orbital_gradient" :
         8.7420384278052467e-03
      },
    "iteration_6" :
      {
      "iteration" :
        6,
      "energy" :
        -7.5823009103199837e+01,
      "energy_change" :
        -2.0959914948548430e-05,
      "norm_orbital_gradient" :
         2.0098806856088967e-04
      },
    "iteration_7" :
      {
      "iteration" :
        7,
      "energy" :
        -7.5823009117070455e+01,
      "energy_change" :
        -1.3870618431610637e-08,
      "norm_orbital_gradient" :
         2.0055899795381799e-05
      },
    "iteration_8" :
      {
      "iteration" :
        8,
      "energy" :
        -7.5823009117205345e+01,
      "energy_change" :
        -1.3488943295669742e-10,
      "norm_orbital_gradient" :
         4.0482678992885628e-07
      }
    },
  "n_channels" :
    2,
  "homo" :
    -7.6760253856393557e-01,
  "lumo" :
    -6.6348790991751561e-01,
  "density_alpha" :
    [
      [
         1.0750191751157467e+00,
         1.6676872513967969e-01,
         1.2322718350206308e-01,
        -9.2374141951473760e-12,
        -3.0095216521218635e-02,
         7.1380650001416602e-11,
        -4.6698415063059565e-11,
        -2.7676491626413450e-02,
         1.5894524575461688e-10,
         3.7955062358279034e-03,
        -1.2244022845128889e-11,
        -3.9903119551691849e-03,
         3.0784820314498889e-11,
        -3.8199481849031142e-16,
         3.1292955553931648e-02,
        -7.1303864644757979e-03,
         2.0366426510074575e-12,
        -7.5638271632652082e-03,
         8.2307354655885619e-03,
         3.1292955528728267e-02,
        -7.1303870864690465e-03,
         2.0368297277540592e-12,
        -7.5638271323824214e-03,
        -8.2307354426097608e-03
      ], 
      [
         1.6676872513967969e-01,
         4.3906406029498152e-01,
         2.2842144559340760e-01,
         7.2640826742491492e-10,
        -6.3548291710563379e-02,
         9.9424989079132118e-10,
         3.1246950990688371e-10,
        -6.2572553870880496e-02,
         6.7996711496989895e-10,
         6.0759040163501895e-03,
        -3.7813397709164355e-12,
        -8.7552999374842806e-03,
         9.7869310491424728e-11,
        -4.9874079204869885e-18,
         6.0074571035484289e-02,
        -9.9873936796748795e-03,
         2.8832885442654015e-11,
        -1.1978402892898822e-02,
         1.2009005724529296e-02,
         6.0074571873506816e-02,
        -9.9873950341154913e-03,
         2.8832773931652613e-11,
        -1.1978402914826786e-02,
        -1.2009005738664673e-02
      ], 
      [
         1.2322718350206308e-01,
         2.2842144559340760e-01,
         1.4393706975405351e-01,
        -3.9916872817793790e-09,
        -1.2907265092750483e-01,
        -4.0925045480139334e-09,
        -2.3092579061166827e-09,
        -7.8274751909472542e-02,
        -7.3386098216857413e-10,
         3.4618428020543658e-03,
        -1.4546003989720705e-10,
        -7.9730882381649579e-03,
        -6.0473076802077559e-11,
        -1.6845300506002647e-17,
        -4.8757140424266678e-03,
        -8.9871357246391424e-03,
        -1.2826503317058492e-10,
        -6.6465756195035666e-03,
         1.1347469896478188e-04,
        -4.8757183343941975e-03,
        -8.9871394360276653e-03,
        -1.2826509360903444e-10,
        -6.6465749466360462e-03,
        -1.1347415586450807e-04
      ], 
      [
        -9.2374141951473760e-12,
         7.2640826742491492e-10,
        -3.9916872817793790e-09,
         5.2068728249357465e-01,
        -3.4283432387577090e-10,
        -5.1482781321512822e-17,
         2.9004338020754133e-01,
        -1.2221110152897220e-09,
        -1.3312269334518004e-16,
         1.2308634422978190e-10,
         1.6540885646131018e-02,
        -4.4069169533495126e-11,
        -2.8401350308869551e-17,
        -2.1965749795905726e-11,
         2.0559811859477857e-12,
         2.6192062854741813e-09,
         1.7392061828203687e-02,
        -1.9814125010988576e-10,
         3.2741953944176957e-10,
         2.0557909478418719e-12,
         2.6192072051165968e-09,
         1.7392061799595588e-02,
        -1.9814134122223871e-10,
        -3.2741963518862501e-10
      ], 
      [
        -3.0095216521218635e-02,
        -6.3548291710563379e-02,
        -1.2907265092750483e-01,
        -3.4283432387577090e-10,
         3.9503215706329114e-01,
        -3.7420598509051284e-10,
        -2.6393703813112287e-11,
         1.9264449490977606e-01,
        -2.8951748840765982e-09,
        -1.8839048587081773e-03,
         1.1608199626992671e-11,
         1.4940475760646912e-02,
        -2.7289500488685797e-10,
         5.2702199005927239e-18,
         1.3798721952774845e-01,
         1.6249036419886322e-02,
        -2.2855668651124763e-11,
         2.9846437755650622e-03,
         2.3476763562508152e-02,
         1.3798721881051529e-01,
         1.6249047124072817e-02,
        -2.2855609961748624e-11,
         2.9846430031500899e-03,
        -2.3476764337611918e-02
      ], 
      [
         7.1380650001416602e-11,
         9.9424989079132118e-10,
        -4.0925045480139334e-09,
        -5.1482781321512822e-17,
        -3.7420598509051284e-10,
         3.3021992416769030e-01,
        -9.3631986798303533e-17,
        -1.4387299161843363e-09,
         1.2613744614096548e-01,
         1.4618851961783993e-10,
        -9.7815787905577115e-18,
        -3.6936222660888527e-11,
         1.2439963450270571e-02,
         1.1526914865254453e-11,
        -1.7247443354447975e-01,
        -1.3962610966489174e-02,
        -1.3149982925186370e-12,
         1.7386799310275397e-02,
        -1.2641198897517854e-02,
         1.7247443362958359e-01,
         1.3962615923590481e-02,
         1.3148561598222018e-12,
        -1.7386799766346325e-02,
        -1.2641199709853104e-02
      ], 
      [
        -4.6698415063059565e-11,
         3.1246950990688371e-10,
        -2.3092579061166827e-09,
         2.9004338020754133e-01,
        -2.6393703813112287e-11,
        -9.3631986798303533e-17,
         1.6156561765699448e-01,
        -5.9566197543293609e-10,
        -1.0009044981504629e-16,
         6.6888628540107798e-11,
         9.2139265653937760e-03,
        -1.7348846725402558e-11,
        -1.8378309588088367e-17,
        -1.2235790144684827e-11,
         4.5985839366792075e-11,
         1.4669134808952911e-09,
         9.6880653148907984e-03,
        -1.0735518971934382e-10,
         1.8973146543599156e-10,
         4.5985665448365948e-11,
         1.4669139921077948e-09,
         9.6880652989549572e-03,
        -1.0735523396345090e-10,
        -1.8973151412225847e-10
      ], 
      [
        -2.7676491626413450e-02,
        -6.2572553870880496e-02,
        -7.8274751909472542e-02,
        -1.2221110152897220e-09,
         1.9264449490977606e-01,
        -1.4387299161843363e-09,
        -5.9566197543293609e-10,
         9.6273544387775953e-02,
        -1.8812182385550018e-09,
        -1.3454263500679530e-03,
        -2.6138259873623446e-11,
         7.7542551771724536e-03,
        -1.8179150430480863e-10,
         3.2797444784676801e-18,
         6.1221556947983390e-02,
         8.4704539012047837e-03,
        -4.6584473336338015e-11,
         2.3054891682354186e-03,
         1.0282011292021274e-02,
         6.1221555304605851e-02,
         8.4704589937224847e-03,
        -4.6584437397145527e-11,
         2.3054889273690284e-03,
        -1.0282011568868678e-02
      ], 
      [
         1.5894524575461688e-10,
         6.7996711496989895e-10,
        -7.3386098216857413e-10,
        -1.3312269334518004e-16,
        -2.8951748840765982e-09,
         1.2613744614096548e-01,
        -1.0009044981504629e-16,
        -1.8812182385550018e-09,
         4.8181996767964010e-02,
         6.7012187320040818e-11,
        -7.4896069115741316e-18,
        -1.1607849831443553e-10,
         4.7518187270470386e-03,
         4.4030523193057598e-12,
        -6.5881805749079259e-02,
        -5.3334399181446668e-03,
        -5.0230691628175934e-13,
         6.6414116637890080e-03,
        -4.8286868361724633e-03,
         6.5881803803625946e-02,
         5.3334415902918323e-03,
         5.0224520205784650e-13,
        -6.6414118717996479e-03,
        -4.8286868086480266e-03
      ], 
      [
         3.7955062358279034e-03,
         6.0759040163501895e-03,
         3.4618428020543658e-03,
         1.2308634422978190e-10,
        -1.8839048587081773e-03,
         1.4618851961783993e-10,
         6.6888628540107798e-11,
        -1.3454263500679530e-03,
         6.7012187320040818e-11,
         8.8837968802357134e-05,
         3.4878894885705806e-12,
        -1.5741658284380323e-04,
         6.9960867514433539e-12,
        -6.3407449534581743e-19,
         4.6507972519841838e-04,
        -1.8127259730622646e-04,
         4.2031915412391157e-12,
        -1.7337602455010705e-04,
         1.0644522270272054e-04,
         4.6507987601471224e-04,
        -1.8127263214086779e-04,
         4.2031902170502552e-12,
        -1.7337603672447927e-04,
        -1.0644523097900751e-04
      ], 
      [
        -1.2244022845128889e-11,
        -3.7813397709164355e-12,
        -1.4546003989720705e-10,
         1.6540885646131018e-02,
         1.1608199626992671e-11,
        -9.7815787905577115e-18,
         9.2139265653937760e-03,
        -2.6138259873623446e-11,
        -7.4896069115741316e-18,
         3.4878894885705806e-12,
         5.2546107261945533e-04,
        -2.0417528080658820e-13,
        -1.2248748368533965e-18,
        -6.9779494856413252e-13,
         3.4507177316850939e-12,
         8.4534908352655808e-11,
         5.5250073417014464e-04,
        -5.4970471767073875e-12,
         1.0877135532196094e-11,
         3.4507031740338709e-12,
         8.4534937474142193e-11,
         5.5250073326133949e-04,
        -5.4970492569284865e-12,
        -1.0877137992260894e-11
      ], 
      [
        -3.9903119551691849e-03,
        -8.7552999374842806e-03,
        -7.9730882381649579e-03,
        -4.4069169533495126e-11,
         1.4940475760646912e-02,
        -3.6936222660888527e-11,
        -1.7348846725402558e-11,
         7.7542551771724536e-03,
        -1.1607849831443553e-10,
        -1.5741658284380323e-04,
        -2.0417528080658820e-13,
         6.5934718364311028e-04,
        -1.1458193829035760e-11,
         4.3165443583844981e-19,
         3.9953956194614714e-03,
         7.2516007982300311e-04,
        -1.9440285973515726e-12,
         2.8453336944289171e-04,
         6.5228030169648451e-04,
         3.9953955722968771e-03,
         7.2516047842835984e-04,
        -1.9440249679368607e-12,
         2.8453334333944017e-04,
        -6.5228032826695386e-04
      ], 
      [
         3.0784820314498889e-11,
         9.7869310491424728e-11,
        -6.0473076802077559e-11,
        -2.8401350308869551e-17,
        -2.7289500488685797e-10,
         1.2439963450270571e-02,
        -1.8378309588088367e-17,
        -1.8179150430480863e-10,
         4.7518187270470386e-03,
         6.9960867514433539e-12,
        -1.2248748368533965e-18,
        -1.1458193829035760e-11,
         4.6863523160850274e-04,
         4.3423909075010032e-13,
        -6.4974143624578155e-03,
        -5.2599604386223452e-04,
        -4.9539167288198904e-14,
         6.5499120826500393e-04,
        -4.7621613837499469e-04,
         6.4974141920980848e-03,
         5.2599620866064067e-04,
         4.9532060315937088e-14,
        -6.5499123037145212e-04,
        -4.7621613960939626e-04
      ], 
      [
        -3.8199481849031142e-16,
        -4.9874079204869885e-18,
        -1.6845300506002647e-17,
        -2.1965749795905726e-11,
         5.2702199005927239e-18,
         1.1526914865254453e-11,
        -1.2235790144684827e-11,
         3.2797444784676801e-18,
         4.4030523193057598e-12,
        -6.3407449534581743e-19,
        -6.9779494856413252e-13,
         4.3165443583844981e-19,
         4.3423909075010032e-13,
         1.3290161467553421e-21,
        -6.0205304209916385e-12,
        -4.8738847026885055e-13,
        -7.3370272603471939e-13,
         6.0691849546322973e-13,
        -4.4126495062124330e-13,
         6.0205244451049039e-12,
         4.8739133372451733e-13,
        -7.3370272473605643e-13,
        -6.0691594267673708e-13,
        -4.4126222296202756e-13
      ], 
      [
         3.1292955553931648e-02,
         6.0074571035484289e-02,
        -4.8757140424266678e-03,
         2.0559811859477857e-12,
         1.3798721952774845e-01,
        -1.7247443354447975e-01,
         4.5985839366792075e-11,
         6.1221556947983390e-02,
        -6.5881805749079259e-02,
         4.6507972519841838e-04,
         3.4507177316850939e-12,
         3.9953956194614714e-03,
        -6.4974143624578155e-03,
        -6.0205304209916385e-12,
         1.5418133078356600e-01,
         1.1521005920254316e-02,
        -2.6987239531158685e-12,
        -1.0276317357245037e-02,
         1.7874646751148020e-02,
        -2.5986055152907583e-02,
        -3.0643842396165270e-03,
        -4.0722980889657608e-12,
         7.8859928712165135e-03,
        -4.6696068298252725e-03
      ], 
      [
        -7.1303864644757979e-03,
        -9.9873936796748795e-03,
        -8.9871357246391424e-03,
         2.6192062854741813e-09,
         1.6249036419886322e-02,
        -1.3962610966489174e-02,
         1.4669134808952911e-09,
         8.4704539012047837e-03,
        -5.3334399181446668e-03,
        -1.8127259730622646e-04,
         8.4534908352655808e-11,
         7.2516007982300311e-04,
        -5.2599604386223452e-04,
        -4.8738847026885055e-13,
         1.1521005920254316e-02,
         1.3950854523854589e-03,
         8.7025177113355471e-11,
        -4.0549154516913169e-04,
         1.2162970767588906e-03,
        -3.0643854694034529e-03,
         2.1433012366165914e-04,
         8.6913982916475727e-11,
         1.0648322891218627e-03,
        -1.4728742685245035e-04
      ], 
      [
         2.0366426510074575e-12,
         2.8832885442654015e-11,
        -1.2826503317058492e-10,
         1.7392061828203687e-02,
        -2.2855668651124763e-11,
        -1.3149982925186370e-12,
         9.6880653148907984e-03,
        -4.6584473336338015e-11,
        -5.0230691628175934e-13,
         4.2031915412391157e-12,
         5.5250073417014464e-04,
        -1.9440285973515726e-12,
        -4.9539167288198904e-14,
        -7.3370272603471939e-13,
        -2.6987239531158685e-12,
         8.7025177113355471e-11,
         5.8093182761726544e-04,
        -6.8483787224761310e-12,
         1.0411537586992889e-11,
        -4.0723802370573515e-12,
         8.6914004125298719e-11,
         5.8093182666169420e-04,
        -6.7099068649949288e-12,
        -1.0310861593459283e-11
      ], 
      [
        -7.5638271632652082e-03,
        -1.1978402892898822e-02,
        -6.6465756195035666e-03,
        -1.9814125010988576e-10,
         2.9846437755650622e-03,
         1.7386799310275397e-02,
        -1.0735518971934382e-10,
         2.3054891682354186e-03,
         6.6414116637890080e-03,
        -1.7337602455010705e-04,
        -5.4970471767073875e-12,
         2.8453336944289171e-04,
         6.5499120826500393e-04,
         6.0691849546322973e-13,
        -1.0276317357245037e-02,
        -4.0549154516913169e-04,
        -6.8483787224761310e-12,
         1.2551655711981957e-03,
        -9.2347739351832082e-04,
         7.8859929347031843e-03,
         1.0648326365322272e-03,
        -6.7099086401032283e-12,
        -5.7574027605442643e-04,
        -4.0769604545219884e-04
      ], 
      [
         8.2307354655885619e-03,
         1.2009005724529296e-02,
         1.1347469896478188e-04,
         3.2741953944176957e-10,
         2.3476763562508152e-02,
        -1.2641198897517854e-02,
         1.8973146543599156e-10,
         1.0282011292021274e-02,
        -4.8286868361724633e-03,
         1.0644522270272054e-04,
         1.0877135532196094e-11,
         6.5228030169648451e-04,
        -4.7621613837499469e-04,
        -4.4126495062124330e-13,
         1.7874646751148020e-02,
         1.2162970767588906e-03,
         1.0411537586992889e-11,
        -9.2347739351832082e-04,
         2.4765008951209842e-03,
         4.6696069282768362e-03,
         1.4728788853187025e-04,
         1.0310864366648767e-11,
         4.0769596586521969e-04,
        -1.5086616176878493e-03
      ], 
      [
         3.1292955528728267e-02,
         6.0074571873506816e-02,
        -4.8757183343941975e-03,
         2.0557909478418719e-12,
         1.3798721881051529e-01,
         1.7247443362958359e-01,
         4.5985665448365948e-11,
         6.1221555304605851e-02,
         6.5881803803625946e-02,
         4.6507987601471224e-04,
         3.4507031740338709e-12,
         3.9953955722968771e-03,
         6.4974141920980848e-03,
         6.0205244451049039e-12,
        -2.5986055152907583e-02,
        -3.0643854694034529e-03,
        -4.0723802370573515e-12,
         7.8859929347031843e-03,
         4.6696069282768362e-03,
         1.5418133054676317e-01,
         1.1521012310280822e-02,
        -2.6987993777805105e-12,
        -1.0276317888333143e-02,
        -1.7874647443611853e-02
      ], 
      [
        -7.1303870864690465e-03,
        -9.9873950341154913e-03,
        -8.9871394360276653e-03,
         2.6192072051165968e-09,
         1.6249047124072817e-02,
         1.3962615923590481e-02,
         1.4669139921077948e-09,
         8.4704589937224847e-03,
         5.3334415902918323e-03,
        -1.8127263214086779e-04,
         8.4534937474142193e-11,
         7.2516047842835984e-04,
         5.2599620866064067e-04,
         4.8739133372451733e-13,
        -3.0643842396165270e-03,
         2.1433012366165914e-04,
         8.6914004125298719e-11,
         1.0648326365322272e-03,
         1.4728788853187025e-04,
         1.1521012310280822e-02,
         1.3950867443698434e-03,
         8.7025204995752079e-11,
        -4.0549178487141364e-04,
        -1.2162979817277569e-03
      ], 
      [
         2.0368297277540592e-12,
         2.8832773931652613e-11,
        -1.2826509360903444e-10,
         1.7392061799595588e-02,
        -2.2855609961748624e-11,
         1.3148561598222018e-12,
         9.6880652989549572e-03,
        -4.6584437397145527e-11,
         5.0224520205784650e-13,
         4.2031902170502552e-12,
         5.5250073326133949e-04,
        -1.9440249679368607e-12,
         4.9532060315937088e-14,
        -7.3370272473605643e-13,
        -4.0722980889657608e-12,
         8.6913982916475727e-11,
         5.8093182666169420e-04,
        -6.7099086401032283e-12,
         1.0310864366648767e-11,
        -2.6987993777805105e-12,
         8.7025204995752079e-11,
         5.8093182570612286e-04,
        -6.8483719329952181e-12,
        -1.0411536092248304e-11
      ], 
      [
        -7.5638271323824214e-03,
        -1.1978402914826786e-02,
        -6.6465749466360462e-03,
        -1.9814134122223871e-10,
         2.9846430031500899e-03,
        -1.7386799766346325e-02,
        -1.0735523396345090e-10,
         2.3054889273690284e-03,
        -6.6414118717996479e-03,
        -1.7337603672447927e-04,
        -5.4970492569284865e-12,
         2.8453334333944017e-04,
        -6.5499123037145212e-04,
        -6.0691594267673708e-13,
         7.8859928712165135e-03,
         1.0648322891218627e-03,
        -6.7099068649949288e-12,
        -5.7574027605442643e-04,
         4.0769596586521969e-04,
        -1.0276317888333143e-02,
        -4.0549178487141364e-04,
        -6.8483719329952181e-12,
         1.2551656095536779e-03,
         9.2347749953096327e-04
      ], 
      [
        -8.2307354426097608e-03,
        -1.2009005738664673e-02,
        -1.1347415586450807e-04,
        -3.2741963518862501e-10,
        -2.3476764337611918e-02,
        -1.2641199709853104e-02,
        -1.8973151412225847e-10,
        -1.0282011568868678e-02,
        -4.8286868086480266e-03,
        -1.0644523097900751e-04,
        -1.0877137992260894e-11,
        -6.5228032826695386e-04,
        -4.7621613960939626e-04,
        -4.4126222296202756e-13,
        -4.6696068298252725e-03,
        -1.4728742685245035e-04,
        -1.0310861593459283e-11,
        -4.0769604545219884e-04,
        -1.5086616176878493e-03,
        -1.7874647443611853e-02,
        -1.2162979817277569e-03,
        -1.0411536092248304e-11,
         9.2347749953096327e-04,
         2.4765010578641309e-03
      ]
    ],
  "density_beta" :
    [
      [
         1.0716041059664398e+00,
         1.5622383931698064e-01,
         1.2184334642842649e-01,
        -3.9541757931634589e-11,
        -3.2290884030441835e-02,
         6.8506901707683082e-11,
        -6.2910015077433251e-11,
        -3.1541370911365565e-02,
         1.3102344481913403e-10,
        -1.9609041544079646e-03,
         4.0656313704303678e-12,
        -5.8275888404324470e-04,
         1.8826847602173369e-11,
        -3.9726495794378299e-16,
         3.5005717247565363e-02,
        -6.4498253142775174e-03,
         1.6874675997044406e-12,
        -7.7351149322481966e-03,
         8.5418154994955434e-03,
         3.5005717173135706e-02,
        -6.4498258806616896e-03,
         1.6877239169236376e-12,
        -7.7351149168093528e-03,
        -8.5418154930203480e-03
      ], 
      [
         1.5622383931698064e-01,
         4.0706386130763206e-01,
         2.2422750550720677e-01,
        -8.4256867546436000e-11,
        -6.6585905907044524e-02,
         1.1713633633104420e-09,
        -1.3529004059505779e-10,
        -6.8701627657926673e-02,
         6.8674875304327807e-10,
        -7.0101971620971371e-03,
         9.6318016585034502e-12,
        -8.9852922475815687e-04,
         7.6726317518461960e-11,
        -2.9400305773892653e-17,
         6.6527320903460030e-02,
        -8.7666413009290390e-03,
         2.7146201503237363e-12,
        -1.2196708804728902e-02,
         1.2432815980309909e-02,
         6.6527321931737021e-02,
        -8.7666424894567146e-03,
         2.7145602854728383e-12,
        -1.2196708887147283e-02,
        -1.2432816046328132e-02
      ], 
      [
         1.2184334642842649e-01,
         2.2422750550720677e-01,
         1.5283555937941298e-01,
        -1.5032181744319015e-10,
        -1.3864335613239420e-01,
        -5.0706533815510962e-09,
        -1.7722763229832056e-10,
        -8.7394186306528024e-02,
        -8.8479309604956195e-10,
        -3.6528782564794198e-03,
        -2.7696551983434902e-12,
        -3.8827280805740962e-03,
        -8.5434106128893313e-11,
        -3.4362702780881733e-17,
        -4.7637839531086967e-03,
        -9.5565302181633300e-03,
         1.2854070006386266e-12,
        -7.3078495649628733e-03,
        -1.3085626218514723e-04,
        -4.7637898497618070e-03,
        -9.5565350168575237e-03,
         1.2853362598620826e-12,
        -7.3078486999735848e-03,
         1.3085693870628148e-04
      ], 
      [
        -3.9541757931634589e-11,
        -8.4256867546436000e-11,
        -1.5032181744319015e-10,
         4.0045438039182210e-19,
         3.8967028433428751e-10,
        -8.8892540290485813e-17,
         4.0609681271381772e-19,
         1.9665016268102255e-10,
        -3.6945950854468633e-17,
         7.7037714036998428e-13,
         2.7886776359522234e-20,
         1.2673081405021395e-11,
        -3.5432823913626448e-18,
         2.1468368253658332e-26,
         1.4039311236073076e-10,
         1.8899537614429541e-11,
         2.9346024233863405e-22,
         4.3247098593031266e-12,
         2.3678471951428500e-11,
         1.4039301080906560e-10,
         1.8899540668751789e-11,
         2.9364475262244981e-22,
         4.3247189849827666e-12,
        -2.3678465826581761e-11
      ], 
      [
        -3.2290884030441835e-02,
        -6.6585905907044524e-02,
        -1.3864335613239420e-01,
         3.8967028433428751e-10,
         3.7978600546528307e-01,
        -5.9464261282244972e-10,
         3.9318759980864771e-10,
         1.9027286876503446e-01,
        -3.5136597074129076e-09,
         4.7896049053225984e-04,
         2.7749247674000589e-11,
         1.2401737168303385e-02,
        -3.1897882012502957e-10,
         2.2966807509584539e-17,
         1.4041677009647882e-01,
         1.8200164433221696e-02,
         3.9560761190365610e-13,
         3.7607517765248289e-03,
         2.3731151062929150e-02,
         1.4041676925738786e-01,
         1.8200177240349960e-02,
         3.9578793124819053e-13,
         3.7607508900550433e-03,
        -2.3731151953588318e-02
      ], 
      [
         6.8506901707683082e-11,
         1.1713633633104420e-09,
        -5.0706533815510962e-09,
        -8.8892540290485813e-17,
        -5.9464261282244972e-10,
         3.1030552985698784e-01,
        -1.0549802385182388e-16,
        -1.8484237145519719e-09,
         1.1723751764834152e-01,
         1.7846762367643929e-10,
        -6.7798056033316315e-18,
        -5.0240046676304090e-11,
         1.1306549090390555e-02,
         1.1425941093634234e-11,
        -1.7698370525749332e-01,
        -1.7659583323184364e-02,
        -2.7174360557458541e-12,
         1.7628223848867891e-02,
        -1.2360478061615870e-02,
         1.7698370541294775e-01,
         1.7659589510906168e-02,
         2.7174934393776591e-12,
        -1.7628224408001512e-02,
        -1.2360479029625223e-02
      ], 
      [
        -6.2910015077433251e-11,
        -1.3529004059505779e-10,
        -1.7722763229832056e-10,
         4.0609681271381772e-19,
         3.9318759980864771e-10,
        -1.0549802385182388e-16,
         4.1821528654795861e-19,
         2.0292613060484120e-10,
        -4.3207607368262056e-17,
         1.6552371149680354e-12,
         2.6291791849963569e-20,
         1.2625313025503230e-11,
        -4.1487736620650724e-18,
         2.5785990502813399e-26,
         1.3002464655452491e-10,
         1.9789693808816325e-11,
        -6.0392980945535982e-23,
         5.8422415248881271e-12,
         2.1766176476213351e-11,
         1.3002452610239630e-10,
         1.9789694972424469e-11,
        -6.0204567518500615e-23,
         5.8422525433410974e-12,
        -2.1766169019604101e-11
      ], 
      [
        -3.1541370911365565e-02,
        -6.8701627657926673e-02,
        -8.7394186306528024e-02,
         1.9665016268102255e-10,
         1.9027286876503446e-01,
        -1.8484237145519719e-09,
         2.0292613060484120e-10,
         9.8489403294002298e-02,
        -2.3163400092627299e-09,
         8.5771145447140857e-04,
         1.2604860324301872e-11,
         6.0992613841615688e-03,
        -2.1468400717114770e-10,
         1.4447303281319945e-17,
         6.2178669195269549e-02,
         9.6219081900362300e-03,
        -5.1892883308465003e-14,
         2.9211016756428960e-03,
         1.0398107980035641e-02,
         6.2178667036325151e-02,
         9.6219143460079763e-03,
        -5.1800575610161767e-14,
         2.9211014181350406e-03,
        -1.0398108290443056e-02
      ], 
      [
         1.3102344481913403e-10,
         6.8674875304327807e-10,
        -8.8479309604956195e-10,
        -3.6945950854468633e-17,
        -3.5136597074129076e-09,
         1.1723751764834152e-01,
        -4.3207607368262056e-17,
        -2.3163400092627299e-09,
         4.4293878844762324e-02,
         6.9069273286965667e-11,
        -2.8140440655169985e-18,
        -1.2745404543770953e-10,
         4.2717632171666974e-03,
         4.3168710890559039e-12,
        -6.6866777009928713e-02,
        -6.6720234082899236e-03,
        -1.0266831515692475e-12,
         6.6601752101919020e-03,
        -4.6699516883331373e-03,
         6.6866774482173638e-02,
         6.6720254405006202e-03,
         1.0267048202635873e-12,
        -6.6601754668892807e-03,
        -4.6699516147242978e-03
      ], 
      [
        -1.9609041544079646e-03,
        -7.0101971620971371e-03,
        -3.6528782564794198e-03,
         7.7037714036998428e-13,
         4.7896049053225984e-04,
         1.7846762367643929e-10,
         1.6552371149680354e-12,
         8.5771145447140857e-04,
         6.9069273286965667e-11,
         1.2244252390531275e-04,
        -2.1831249131839983e-13,
        -6.7186153019317937e-06,
         6.4431076563146635e-12,
         2.0727232336791397e-19,
        -1.4108828295608068e-03,
         1.1865416828635793e-04,
        -4.7800636432109309e-14,
         2.0470504313274159e-04,
        -2.5774019220640672e-04,
        -1.4108826203241037e-03,
         1.1865418856679962e-04,
        -4.7799710419740718e-14,
         2.0470502368524253e-04,
         2.5774017919717203e-04
      ], 
      [
         4.0656313704303678e-12,
         9.6318016585034502e-12,
        -2.7696551983434902e-12,
         2.7886776359522234e-20,
         2.7749247674000589e-11,
        -6.7798056033316315e-18,
         2.6291791849963569e-20,
         1.2604860324301872e-11,
        -2.8140440655169985e-18,
        -2.1831249131839983e-13,
         2.5598501129941591e-21,
         9.5290348198442662e-13,
        -2.6942261619802182e-19,
         1.5339476068303218e-28,
         1.3612422319924688e-11,
         1.1228860730035592e-12,
         1.3157085314806524e-22,
        -1.5093811124014953e-13,
         2.3461193828764697e-12,
         1.3612414562054689e-11,
         1.1228862764700833e-12,
         1.3158312636389278e-22,
        -1.5093741492266831e-13,
        -2.3461189163337409e-12
      ], 
      [
        -5.8275888404324470e-04,
        -8.9852922475815687e-04,
        -3.8827280805740962e-03,
         1.2673081405021395e-11,
         1.2401737168303385e-02,
        -5.0240046676304090e-11,
         1.2625313025503230e-11,
         6.0992613841615688e-03,
        -1.2745404543770953e-10,
        -6.7186153019317937e-06,
         9.5290348198442662e-13,
         4.0908984511272336e-04,
        -1.1597483917890025e-11,
         6.7222432698519428e-19,
         4.8791741286413857e-03,
         5.7636572750168695e-04,
         2.1892209352632561e-14,
         8.5620288668341641e-05,
         8.2841267801835039e-04,
         4.8791740649981753e-03,
         5.7636614522037829e-04,
         2.1898001895931387e-14,
         8.5620262847029160e-05,
        -8.2841270508926946e-04
      ], 
      [
         1.8826847602173369e-11,
         7.6726317518461960e-11,
        -8.5434106128893313e-11,
        -3.5432823913626448e-18,
        -3.1897882012502957e-10,
         1.1306549090390555e-02,
        -4.1487736620650724e-18,
        -2.1468400717114770e-10,
         4.2717632171666974e-03,
         6.4431076563146635e-12,
        -2.6942261619802182e-19,
        -1.1597483917890025e-11,
         4.1197477979953821e-04,
         4.1632504563686246e-13,
        -6.4487248681208090e-03,
        -6.4345920677518051e-04,
        -9.9014749477624540e-14,
         6.4231655061881073e-04,
        -4.5037662735715077e-04,
         6.4487246455513080e-03,
         6.4345940426173854e-04,
         9.9016839478276129e-14,
        -6.4231657581250475e-04,
        -4.5037662393803036e-04
      ], 
      [
        -3.9726495794378299e-16,
        -2.9400305773892653e-17,
        -3.4362702780881733e-17,
         2.1468368253658332e-26,
         2.2966807509584539e-17,
         1.1425941093634234e-11,
         2.5785990502813399e-26,
         1.4447303281319945e-17,
         4.3168710890559039e-12,
         2.0727232336791397e-19,
         1.5339476068303218e-28,
         6.7222432698519428e-19,
         4.1632504563686246e-13,
         4.2072124844803009e-22,
        -6.5168223709668934e-12,
        -6.5025130890770569e-13,
        -1.0006070662522274e-22,
         6.4910124426242106e-13,
        -4.5513362647577470e-13,
         6.5168183290576108e-12,
         6.5025657589988066e-13,
         1.0006200552398565e-22,
        -6.4909702226355833e-13,
        -4.5513116846027481e-13
      ], 
      [
         3.5005717247565363e-02,
         6.6527320903460030e-02,
        -4.7637839531086967e-03,
         1.4039311236073076e-10,
         1.4041677009647882e-01,
        -1.7698370525749332e-01,
         1.3002464655452491e-10,
         6.2178669195269549e-02,
        -6.6866777009928713e-02,
        -1.4108828295608068e-03,
         1.3612422319924688e-11,
         4.8791741286413857e-03,
        -6.4487248681208090e-03,
        -6.5168223709668934e-12,
         1.7401804814860564e-01,
         1.5482331929667728e-02,
         2.3459278396736071e-12,
        -1.1360030656622272e-02,
         1.9700316781856526e-02,
        -2.7868344118907401e-02,
        -4.6620610273544767e-03,
        -7.5383719978594869e-13,
         8.7485917445009592e-03,
        -5.6006438947916425e-03
      ], 
      [
        -6.4498253142775174e-03,
        -8.7666413009290390e-03,
        -9.5565302181633300e-03,
         1.8899537614429541e-11,
         1.8200164433221696e-02,
        -1.7659583323184364e-02,
         1.9789693808816325e-11,
         9.6219081900362300e-03,
        -6.6720234082899236e-03,
