{
"json_results" :
  {
  "energy" :
    -7.5823009117205444e+01,
  "converged" :
    true,
  "n_iter" :
    8,
  "ao_basis" :
 { 
   "__Basis" : { 
     "n_functions" : 24, 
     "electron_shells" : [
 { 
   "angular_momentum" : 0,
   "exponents" : [
   2.2661767785000002e+03,
   3.4087010191000002e+02,
   7.7363135166999996e+01,
   2.1479644940000000e+01,
   6.6589433123999999e+00
],
   "coefficients" : [
  [
    -5.3893503921742976e-03,
    -4.0234721388960164e-02,
    -1.8008184205525829e-01,
    -4.6828857657650924e-01,
    -4.4692617160187309e-01
  ]
],
   "function_type" : "gto_spherical",
   "center" : [
   0.0000000000000000e+00,
   0.0000000000000000e+00,
  -1.2947693993318282e-01
],
   "radial_threshold" :  9.9999999999999995e-07,
   "center_index" : 0,
   "normalized_primitives" : true
   }, 
 { 
   "angular_momentum" : 0,
   "exponents" : [
   8.0975975668000000e-01
],
   "coefficients" : [
  [
     1.0000000000000002e+00
  ]
],
   "function_type" : "gto_spherical",
   "center" : [
   0.0000000000000000e+00,
   0.0000000000000000e+00,
  -1.2947693993318282e-01
],
   "radial_threshold" :  9.9999999999999995e-07,
   "center_index" : 0,
   "normalized_primitives" : true
   }, 
 { 
   "angular_momentum" : 0,
   "exponents" : [
   2.5530772233999999e-01
],
   "coefficients" : [
  [
     1.0000000000000000e+00
  ]
],
   "function_type" : "gto_spherical",
   "center" : [
   0.0000000000000000e+00,
   0.0000000000000000e+00,
  -1.2947693993318282e-01
],
   "radial_threshold" :  9.9999999999999995e-07,
   "center_index" : 0,
   "normalized_primitives" : true
   }, 
 { 
   "angular_momentum" : 1,
   "exponents" : [
   1.7721504317000001e+01,
   3.8635505440000002e+00,
   1.0480920883000000e+00
],
   "coefficients" : [
  [
     6.2630248763161048e-02,
     3.3331138482351780e-01,
     7.4148638308122361e-01
  ]
],
   "function_type" : "gto_spherical",
   "center" : [
   0.0000000000000000e+00,
   0.0000000000000000e+00,
  -1.2947693993318282e-01
],
   "radial_threshold" :  9.9999999999999995e-07,
   "center_index" : 0,
   "normalized_primitives" : true
   }, 
 { 
   "angular_momentum" : 1,
   "exponents" : [
   2.7641544411000002e-01
],
   "coefficients" : [
  [
     1.0000000000000000e+00
  ]
],
   "function_type" : "gto_spherical",
   "center" : [
   0.0000000000000000e+00,
   0.0000000000000000e+00,
  -1.2947693993318282e-01
],
   "radial_threshold" :  9.9999999999999995e-07,
   "center_index" : 0,
   "normalized_primitives" : true
   }, 
 { 
   "angular_momentum" : 2,
   "exponents" : [
   1.2000000000000000e+00
],
   "coefficients" : [
  [
     1.0000000000000000e+00
  ]
],
   "function_type" : "gto_spherical",
   "center" : [
   0.0000000000000000e+00,
   0.0000000000000000e+00,
  -1.2947693993318282e-01
],
   "radial_threshold" :  9.9999999999999995e-07,
   "center_index" : 0,
   "normalized_primitives" : true
   }, 
 { 
   "angular_momentum" : 0,
   "exponents" : [
   1.3010700999999999e+01,
   1.9622572000000000e+00,
   4.4453796000000001e-01
],
   "coefficients" : [
  [
     3.3485484812988658e-02,
     2.3472187088124863e-01,
     8.1377028525955364e-01
  ]
],
   "function_type" : "gto_spherical",
   "center" : [
   0.0000000000000000e+00,
  -1.4941873392358804e+00,
   1.0274465094732790e+00
],
   "radial_threshold" :  9.9999999999999995e-07,
   "center_index" : 1,
   "normalized_primitives" : true
   }, 
 { 
   "angular_momentum" : 0,
   "exponents" : [
   1.2194961999999999e-01
],
   "coefficients" : [
  [
     1.0000000000000000e+00
  ]
],
   "function_type" : "gto_spherical",
   "center" : [
   0.0000000000000000e+00,
  -1.4941873392358804e+00,
   1.0274465094732790e+00
],
   "radial_threshold" :  9.9999999999999995e-07,
   "center_index" : 1,
   "normalized_primitives" : true
   }, 
 { 
   "angular_momentum" : 1,
   "exponents" : [
   8.0000000000000004e-01
],
   "coefficients" : [
  [
     1.0000000000000000e+00
  ]
],
   "function_type" : "gto_spherical",
   "center" : [
   0.0000000000000000e+00,
  -1.4941873392358804e+00,
   1.0274465094732790e+00
],
   "radial_threshold" :  9.9999999999999995e-07,
   "center_index" : 1,
   "normalized_primitives" : true
   }, 
 { 
   "angular_momentum" : 0,
   "exponents" : [
   1.3010700999999999e+01,
   1.9622572000000000e+00,
   4.4453796000000001e-01
],
   "coefficients" : [
  [
     3.3485484812988658e-02,
     2.3472187088124863e-01,
     8.1377028525955364e-01
  ]
],
   "function_type" : "gto_spherical",
   "center" : [
   0.0000000000000000e+00,
   1.4941873392358804e+00,
   1.0274465094732790e+00
],
   "radial_threshold" :  9.9999999999999995e-07,
   "center_index" : 2,
   "normalized_primitives" : true
   }, 
 { 
   "angular_momentum" : 0,
   "exponents" : [
   1.2194961999999999e-01
],
   "coefficients" : [
  [
     1.0000000000000000e+00
  ]
],
   "function_type" : "gto_spherical",
   "center" : [
   0.0000000000000000e+00,
   1.4941873392358804e+00,
   1.0274465094732790e+00
],
   "radial_threshold" :  9.9999999999999995e-07,
   "center_index" : 2,
   "normalized_primitives" : true
   }, 
 { 
   "angular_momentum" : 1,
   "exponents" : [
   8.0000000000000004e-01
],
   "coefficients" : [
  [
     1.0000000000000000e+00
  ]
],
   "function_type" : "gto_spherical",
   "center" : [
   0.0000000000000000e+00,
   1.4941873392358804e+00,
   1.0274465094732790e+00
],
   "radial_threshold" :  9.9999999999999995e-07,
   "center_index" : 2,
   "normalized_primitives" : true
   }
     ]
   }
 }
,
  "structure" :
{ "__Atoms": { 
  "atoms" : [ 
[
"O", [
   0.0000000000000000e+00,
   0.0000000000000000e+00,
  -1.2947693993318282e-01
]
],
[
"H", [
   0.0000000000000000e+00,
  -1.4941873392358804e+00,
   1.0274465094732790e+00
]
],
[
"H", [
   0.0000000000000000e+00,
   1.4941873392358804e+00,
   1.0274465094732790e+00
]
]
]
}
}
,
  "multiplicity" :
     2.0000000000000000e+00,
  "scf_iterations" :
    {
    "iteration_0" :
      {
      "iteration" :
        0,
      "energy" :
        -7.6246493333014982e+01,
      "norm_orbital_gradient" :
         2.2482946487494173e+00
      },
    "iteration_1" :
      {
      "iteration" :
        1,
      "energy" :
        -7.5812655688731653e+01,
      "energy_change" :
         4.3383764428332938e-01,
      "norm_orbital_gradient" :
         1.4562201456752563e-01
      },
    "iteration_2" :
      {
      "iteration" :
        2,
      "energy" :
        -7.5818813332030615e+01,
      "energy_change" :
        -6.1576432989625118e-03,
      "norm_orbital_gradient" :
         1.1054664785408633e-01
      },
    "iteration_3" :
      {
      "iteration" :
        3,
      "energy" :
        -7.5818672068570066e+01,
      "energy_change" :
         1.4126346054865735e-04,
      "norm_orbital_gradient" :
         1.0660134851453243e-01
      },
    "iteration_4" :
      {
      "iteration" :
        4,
      "energy" :
        -7.5822984099029441e+01,
      "energy_change" :
        -4.3120304593742276e-03,
      "norm_orbital_gradient" :
         9.1646540135317638e-03
      },
    "iteration_5" :
      {
      "iteration" :
        5,
      "energy" :
        -7.5822988143284846e+01,
      "energy_change" :
        -4.0442554052333435e-06,
      "norm_orbital_gradient" :
         8.7420384336440917e-03
      },
    "iteration_6" :
      {
      "iteration" :
        6,
      "energy" :
        -7.5823009103199794e+01,
      "energy_change" :
        -2.0959914948548430e-05,
      "norm_orbital_gradient" :
         2.0098806863591285e-04
      },
    "iteration_7" :
      {
      "iteration" :
        7,
      "energy" :
        -7.5823009117070470e+01,
      "energy_change" :
        -1.3870675275029498e-08,
      "norm_orbital_gradient" :
         2.0055899750191219e-05
      },
    "iteration_8" :
      {
      "iteration" :
        8,
      "energy" :
        -7.5823009117205402e+01,
      "energy_change" :
        -1.3493206552084303e-10,
      "norm_orbital_gradient" :
         4.0482748628395847e-07
      }
    },
  "n_channels" :
    2,
  "homo" :
    -7.6760253856374672e-01,
  "lumo" :
    -6.6348790991745388e-01,
  "density_alpha" :
    [
      [
         1.0750191751157436e+00,
         1.6676872513966057e-01,
         1.2322718350208275e-01,
        -9.2374083974325544e-12,
        -3.0095216521175725e-02,
         7.1380667000559194e-11,
        -4.6698539775214626e-11,
        -2.7676491626407337e-02,
         1.5894626525762585e-10,
         3.7955062358186941e-03,
        -1.2244067459462457e-11,
        -3.9903119551775758e-03,
         3.0783414891061169e-11,
         4.7006462166752028e-17,
         3.1292955553926534e-02,
        -7.1303864644709242e-03,
         2.0369303462475772e-12,
        -7.5638271632669091e-03,
         8.2307354655847056e-03,
         3.1292955528725144e-02,
        -7.1303870864695982e-03,
         2.0370064595578292e-12,
        -7.5638271323846150e-03,
        -8.2307354426061387e-03
      ], 
      [
         1.6676872513966057e-01,
         4.3906406029491796e-01,
         2.2842144559341990e-01,
         7.2640829032974150e-10,
        -6.3548291710419549e-02,
         9.9425173707619349e-10,
         3.1246943021838028e-10,
        -6.2572553870850103e-02,
         6.7996963800970504e-10,
         6.0759040163309210e-03,
        -3.7813602275322298e-12,
        -8.7552999375015306e-03,
         9.7869188899354438e-11,
         2.8256731905932413e-18,
         6.0074571035491568e-02,
        -9.9873936796631198e-03,
         2.8832834088427304e-11,
        -1.1978402892902478e-02,
         1.2009005724524452e-02,
         6.0074571873515455e-02,
        -9.9873950341088282e-03,
         2.8832873890284567e-11,
        -1.1978402914830233e-02,
        -1.2009005738659357e-02
      ], 
      [
         1.2322718350208275e-01,
         2.2842144559341990e-01,
         1.4393706975412260e-01,
        -3.9916869826804689e-09,
        -1.2907265092752257e-01,
        -4.0925043276475886e-09,
        -2.3092577810948025e-09,
        -7.8274751909518644e-02,
        -7.3385983929351383e-10,
         3.4618428020438676e-03,
        -1.4546004475203876e-10,
        -7.9730882381795990e-03,
        -6.0473205783080946e-11,
         1.2800729814925435e-17,
        -4.8757140424243858e-03,
        -8.9871357246363616e-03,
        -1.2826502388749931e-10,
        -6.6465756195028761e-03,
         1.1347469896178838e-04,
        -4.8757183343919770e-03,
        -8.9871394360288258e-03,
        -1.2826503270581720e-10,
        -6.6465749466352577e-03,
        -1.1347415586131231e-04
      ], 
      [
        -9.2374083974325544e-12,
         7.2640829032974150e-10,
        -3.9916869826804689e-09,
         5.2068728249355245e-01,
        -3.4283420503377054e-10,
        -2.7812705678450530e-17,
         2.9004338020754900e-01,
        -1.2221109337366642e-09,
        -1.5616715083284153e-16,
         1.2308634134337184e-10,
         1.6540885646143283e-02,
        -4.4069148739180288e-11,
        -5.9473581995808801e-17,
        -2.1965762960064414e-11,
         2.0557165344731531e-12,
         2.6192064027754348e-09,
         1.7392061828198826e-02,
        -1.9814123291309825e-10,
         3.2741955064174125e-10,
         2.0557526033620242e-12,
         2.6192068622608167e-09,
         1.7392061799590811e-02,
        -1.9814133773382536e-10,
        -3.2741961419961832e-10
      ], 
      [
        -3.0095216521175725e-02,
        -6.3548291710419549e-02,
        -1.2907265092752257e-01,
        -3.4283420503377054e-10,
         3.9503215706332057e-01,
        -3.7420648556329593e-10,
        -2.6393663369346752e-11,
         1.9264449490984425e-01,
        -2.8951757484957533e-09,
        -1.8839048586985949e-03,
         1.1608214781791302e-11,
         1.4940475760655899e-02,
        -2.7289502940103929e-10,
        -3.9547013031869730e-17,
         1.3798721952769316e-01,
         1.6249036419880385e-02,
        -2.2855720688197755e-11,
         2.9846437755453002e-03,
         2.3476763562501442e-02,
         1.3798721881045983e-01,
         1.6249047124072061e-02,
        -2.2855598220390333e-11,
         2.9846430031305981e-03,
        -2.3476764337604910e-02
      ], 
      [
         7.1380667000559194e-11,
         9.9425173707619349e-10,
        -4.0925043276475886e-09,
        -2.7812705678450530e-17,
        -3.7420648556329593e-10,
         3.3021992416780205e-01,
        -9.0012562211766312e-18,
        -1.4387291480384973e-09,
         1.2613744614106903e-01,
         1.4618829795295596e-10,
        -1.7118957127743417e-18,
        -3.6936141453250889e-11,
         1.2439963450272578e-02,
         1.1526926351312363e-11,
        -1.7247443354439354e-01,
        -1.3962610966482736e-02,
        -1.3149675838859837e-12,
         1.7386799310298511e-02,
        -1.2641198897513639e-02,
         1.7247443362949438e-01,
         1.3962615923584011e-02,
         1.3149370127323266e-12,
        -1.7386799766369473e-02,
        -1.2641199709848696e-02
      ], 
      [
        -4.6698539775214626e-11,
         3.1246943021838028e-10,
        -2.3092577810948025e-09,
         2.9004338020754900e-01,
        -2.6393663369346752e-11,
        -9.0012562211766312e-18,
         1.6156561765700997e-01,
        -5.9566193535228694e-10,
        -8.5636338134695572e-17,
         6.6888625618872652e-11,
         9.2139265654012474e-03,
        -1.7348834643683524e-11,
        -3.2995290116828726e-17,
        -1.2235797477641985e-11,
         4.5985626109874772e-11,
         1.4669135441043322e-09,
         9.6880653148887618e-03,
        -1.0735517370646427e-10,
         1.8973146347874789e-10,
         4.5985652885663915e-11,
         1.4669138050330293e-09,
         9.6880652989529675e-03,
        -1.0735523311020673e-10,
        -1.8973149970451957e-10
      ], 
      [
        -2.7676491626407337e-02,
        -6.2572553870850103e-02,
        -7.8274751909518644e-02,
        -1.2221109337366642e-09,
         1.9264449490984425e-01,
        -1.4387291480384973e-09,
        -5.9566193535228694e-10,
         9.6273544387840124e-02,
        -1.8812183996927191e-09,
        -1.3454263500627141e-03,
        -2.6138250269282058e-11,
         7.7542551771809295e-03,
        -1.8179146256651861e-10,
        -1.9072578624437326e-17,
         6.1221556947972412e-02,
         8.4704539012042598e-03,
        -4.6584493748545513e-11,
         2.3054891682276969e-03,
         1.0282011292021062e-02,
         6.1221555304595866e-02,
         8.4704589937249011e-03,
        -4.6584438428159036e-11,
         2.3054889273612998e-03,
        -1.0282011568868446e-02
      ], 
      [
         1.5894626525762585e-10,
         6.7996963800970504e-10,
        -7.3385983929351383e-10,
        -1.5616715083284153e-16,
        -2.8951757484957533e-09,
         1.2613744614106903e-01,
        -8.5636338134695572e-17,
        -1.8812183996927191e-09,
         4.8181996768026807e-02,
         6.7012129331678207e-11,
        -5.4264362755408250e-18,
        -1.1607851821987644e-10,
         4.7518187270500977e-03,
         4.4030567067539613e-12,
        -6.5881805749078023e-02,
        -5.3334399181448403e-03,
        -5.0229625793350818e-13,
         6.6414116638009897e-03,
        -4.8286868361731589e-03,
         6.5881803803623767e-02,
         5.3334415902918765e-03,
         5.0227501452319785e-13,
        -6.6414118718117442e-03,
        -4.8286868086486971e-03
      ], 
      [
         3.7955062358186941e-03,
         6.0759040163309210e-03,
         3.4618428020438676e-03,
         1.2308634134337184e-10,
        -1.8839048586985949e-03,
         1.4618829795295596e-10,
         6.6888625618872652e-11,
        -1.3454263500627141e-03,
         6.7012129331678207e-11,
         8.8837968801804313e-05,
         3.4878890287833111e-12,
        -1.5741658284351893e-04,
         6.9960739011842798e-12,
         2.0682308617338875e-19,
         4.6507972519823596e-04,
        -1.8127259730542865e-04,
         4.2031913348278293e-12,
        -1.7337602454960406e-04,
         1.0644522270251289e-04,
         4.6507987601429254e-04,
        -1.8127263214017791e-04,
         4.2031916382852029e-12,
        -1.7337603672394901e-04,
        -1.0644523097877594e-04
      ], 
      [
        -1.2244067459462457e-11,
        -3.7813602275322298e-12,
        -1.4546004475203876e-10,
         1.6540885646143283e-02,
         1.1608214781791302e-11,
        -1.7118957127743417e-18,
         9.2139265654012474e-03,
        -2.6138250269282058e-11,
        -5.4264362755408250e-18,
         3.4878890287833111e-12,
         5.2546107262025721e-04,
        -2.0417388675668941e-13,
        -1.9362867879217495e-18,
        -6.9779536675589056e-13,
         3.4507053754558837e-12,
         8.4534912683039657e-11,
         5.5250073417042361e-04,
        -5.4970455318003990e-12,
         1.0877135424796810e-11,
         3.4507056511342022e-12,
         8.4534927805359522e-11,
         5.5250073326162106e-04,
        -5.4970488180916545e-12,
        -1.0877137422564732e-11
      ], 
      [
        -3.9903119551775758e-03,
        -8.7552999375015306e-03,
        -7.9730882381795990e-03,
        -4.4069148739180288e-11,
         1.4940475760655899e-02,
        -3.6936141453250889e-11,
        -1.7348834643683524e-11,
         7.7542551771809295e-03,
        -1.1607851821987644e-10,
        -1.5741658284351893e-04,
        -2.0417388675668941e-13,
         6.5934718364438736e-04,
        -1.1458187540978134e-11,
        -1.4630750533919263e-18,
         3.9953956194586906e-03,
         7.2516007982340361e-04,
        -1.9440292529542232e-12,
         2.8453336944291312e-04,
         6.5228030169611068e-04,
         3.9953955722942004e-03,
         7.2516047842903150e-04,
        -1.9440255295950149e-12,
         2.8453334333945502e-04,
        -6.5228032826658588e-04
      ], 
      [
         3.0783414891061169e-11,
         9.7869188899354438e-11,
        -6.0473205783080946e-11,
        -5.9473581995808801e-17,
        -2.7289502940103929e-10,
         1.2439963450272578e-02,
        -3.2995290116828726e-17,
        -1.8179146256651861e-10,
         4.7518187270500977e-03,
         6.9960739011842798e-12,
        -1.9362867879217495e-18,
        -1.1458187540978134e-11,
         4.6863523160849536e-04,
         4.3423952344999228e-13,
        -6.4974143624534708e-03,
        -5.2599604386189170e-04,
        -4.9539078103154391e-14,
         6.5499120826576775e-04,
        -4.7621613837476435e-04,
         6.4974141920935199e-03,
         5.2599620866031086e-04,
         4.9534038523770929e-14,
        -6.5499123037219891e-04,
        -4.7621613960913318e-04
      ], 
      [
         4.7006462166752028e-17,
         2.8256731905932413e-18,
         1.2800729814925435e-17,
        -2.1965762960064414e-11,
        -3.9547013031869730e-17,
         1.1526926351312363e-11,
        -1.2235797477641985e-11,
        -1.9072578624437326e-17,
         4.4030567067539613e-12,
         2.0682308617338875e-19,
        -6.9779536675589056e-13,
        -1.4630750533919263e-18,
         4.3423952344999228e-13,
         1.3290180591899753e-21,
        -6.0205474433387719e-12,
        -4.8739211680103193e-13,
        -7.3370316574542072e-13,
         6.0691748616717824e-13,
        -4.4126632494809224e-13,
         6.0205194211231393e-12,
         4.8738865851510490e-13,
        -7.3370316444675867e-13,
        -6.0691816150592475e-13,
        -4.4126172803356319e-13
      ], 
      [
         3.1292955553926534e-02,
         6.0074571035491568e-02,
        -4.8757140424243858e-03,
         2.0557165344731531e-12,
         1.3798721952769316e-01,
        -1.7247443354439354e-01,
         4.5985626109874772e-11,
         6.1221556947972412e-02,
        -6.5881805749078023e-02,
         4.6507972519823596e-04,
         3.4507053754558837e-12,
         3.9953956194586906e-03,
        -6.4974143624534708e-03,
        -6.0205474433387719e-12,
         1.5418133078338339e-01,
         1.1521005920241845e-02,
        -2.6987764580743239e-12,
        -1.0276317357257096e-02,
         1.7874646751129347e-02,
        -2.5986055152847520e-02,
        -3.0643842396090876e-03,
        -4.0723252829423669e-12,
         7.8859928712135471e-03,
        -4.6696068298219583e-03
      ], 
      [
        -7.1303864644709242e-03,
        -9.9873936796631198e-03,
        -8.9871357246363616e-03,
         2.6192064027754348e-09,
         1.6249036419880385e-02,
        -1.3962610966482736e-02,
         1.4669135441043322e-09,
         8.4704539012042598e-03,
        -5.3334399181448403e-03,
        -1.8127259730542865e-04,
         8.4534912683039657e-11,
         7.2516007982340361e-04,
        -5.2599604386189170e-04,
        -4.8739211680103193e-13,
         1.1521005920241845e-02,
         1.3950854523840104e-03,
         8.7025177572502349e-11,
        -4.0549154517037039e-04,
         1.2162970767580085e-03,
        -3.0643854693968306e-03,
         2.1433012366200142e-04,
         8.6913981614243583e-11,
         1.0648322891214077e-03,
        -1.4728742685278658e-04
      ], 
      [
         2.0369303462475772e-12,
         2.8832834088427304e-11,
        -1.2826502388749931e-10,
         1.7392061828198826e-02,
        -2.2855720688197755e-11,
        -1.3149675838859837e-12,
         9.6880653148887618e-03,
        -4.6584493748545513e-11,
        -5.0229625793350818e-13,
         4.2031913348278293e-12,
         5.5250073417042361e-04,
        -1.9440292529542232e-12,
        -4.9539078103154391e-14,
        -7.3370316574542072e-13,
        -2.6987764580743239e-12,
         8.7025177572502349e-11,
         5.8093182761696555e-04,
        -6.8483762638021748e-12,
         1.0411532466179012e-11,
        -4.0723939304325176e-12,
         8.6913991744253129e-11,
         5.8093182666139702e-04,
        -6.7099080147057014e-12,
        -1.0310857688056251e-11
      ], 
      [
        -7.5638271632669091e-03,
        -1.1978402892902478e-02,
        -6.6465756195028761e-03,
        -1.9814123291309825e-10,
         2.9846437755453002e-03,
         1.7386799310298511e-02,
        -1.0735517370646427e-10,
         2.3054891682276969e-03,
         6.6414116638009897e-03,
        -1.7337602454960406e-04,
        -5.4970455318003990e-12,
         2.8453336944291312e-04,
         6.5499120826576775e-04,
         6.0691748616717824e-13,
        -1.0276317357257096e-02,
        -4.0549154517037039e-04,
        -6.8483762638021748e-12,
         1.2551655712004658e-03,
        -9.2347739351991101e-04,
         7.8859929346999005e-03,
         1.0648326365319339e-03,
        -6.7099068967700114e-12,
        -5.7574027605641453e-04,
        -4.0769604545148826e-04
      ], 
      [
         8.2307354655847056e-03,
         1.2009005724524452e-02,
         1.1347469896178838e-04,
         3.2741955064174125e-10,
         2.3476763562501442e-02,
        -1.2641198897513639e-02,
         1.8973146347874789e-10,
         1.0282011292021062e-02,
        -4.8286868361731589e-03,
         1.0644522270251289e-04,
         1.0877135424796810e-11,
         6.5228030169611068e-04,
        -4.7621613837476435e-04,
        -4.4126632494809224e-13,
         1.7874646751129347e-02,
         1.2162970767580085e-03,
         1.0411532466179012e-11,
        -9.2347739351991101e-04,
         2.4765008951185222e-03,
         4.6696069282737562e-03,
         1.4728788853233485e-04,
         1.0310866393615379e-11,
         4.0769596586453252e-04,
        -1.5086616176863297e-03
      ], 
      [
         3.1292955528725144e-02,
         6.0074571873515455e-02,
        -4.8757183343919770e-03,
         2.0557526033620242e-12,
         1.3798721881045983e-01,
         1.7247443362949438e-01,
         4.5985652885663915e-11,
         6.1221555304595866e-02,
         6.5881803803623767e-02,
         4.6507987601429254e-04,
         3.4507056511342022e-12,
         3.9953955722942004e-03,
         6.4974141920935199e-03,
         6.0205194211231393e-12,
        -2.5986055152847520e-02,
        -3.0643854693968306e-03,
        -4.0723939304325176e-12,
         7.8859929346999005e-03,
         4.6696069282737562e-03,
         1.5418133054657751e-01,
         1.1521012310269165e-02,
        -2.6987353792917959e-12,
        -1.0276317888344894e-02,
        -1.7874647443592757e-02
      ], 
      [
        -7.1303870864695982e-03,
        -9.9873950341088282e-03,
        -8.9871394360288258e-03,
         2.6192068622608167e-09,
         1.6249047124072061e-02,
         1.3962615923584011e-02,
         1.4669138050330293e-09,
         8.4704589937249011e-03,
         5.3334415902918765e-03,
        -1.8127263214017791e-04,
         8.4534927805359522e-11,
         7.2516047842903150e-04,
         5.2599620866031086e-04,
         4.8738865851510490e-13,
        -3.0643842396090876e-03,
         2.1433012366200142e-04,
         8.6913991744253129e-11,
         1.0648326365319339e-03,
         1.4728788853233485e-04,
         1.1521012310269165e-02,
         1.3950867443689942e-03,
         8.7025195093807135e-11,
        -4.0549178487248088e-04,
        -1.2162979817269988e-03
      ], 
      [
         2.0370064595578292e-12,
         2.8832873890284567e-11,
        -1.2826503270581720e-10,
         1.7392061799590811e-02,
        -2.2855598220390333e-11,
         1.3149370127323266e-12,
         9.6880652989529675e-03,
        -4.6584438428159036e-11,
         5.0227501452319785e-13,
         4.2031916382852029e-12,
         5.5250073326162106e-04,
        -1.9440255295950149e-12,
         4.9534038523770929e-14,
        -7.3370316444675867e-13,
        -4.0723252829423669e-12,
         8.6913981614243583e-11,
         5.8093182666139702e-04,
        -6.7099068967700114e-12,
         1.0310866393615379e-11,
        -2.6987353792917959e-12,
         8.7025195093807135e-11,
         5.8093182570582861e-04,
        -6.8483790784583983e-12,
        -1.0411543173787256e-11
      ], 
      [
        -7.5638271323846150e-03,
        -1.1978402914830233e-02,
        -6.6465749466352577e-03,
        -1.9814133773382536e-10,
         2.9846430031305981e-03,
        -1.7386799766369473e-02,
        -1.0735523311020673e-10,
         2.3054889273612998e-03,
        -6.6414118718117442e-03,
        -1.7337603672394901e-04,
        -5.4970488180916545e-12,
         2.8453334333945502e-04,
        -6.5499123037219891e-04,
        -6.0691816150592475e-13,
         7.8859928712135471e-03,
         1.0648322891214077e-03,
        -6.7099080147057014e-12,
        -5.7574027605641453e-04,
         4.0769596586453252e-04,
        -1.0276317888344894e-02,
        -4.0549178487248088e-04,
        -6.8483790784583983e-12,
         1.2551656095559347e-03,
         9.2347749953250338e-04
      ], 
      [
        -8.2307354426061387e-03,
        -1.2009005738659357e-02,
        -1.1347415586131231e-04,
        -3.2741961419961832e-10,
        -2.3476764337604910e-02,
        -1.2641199709848696e-02,
        -1.8973149970451957e-10,
        -1.0282011568868446e-02,
        -4.8286868086486971e-03,
        -1.0644523097877594e-04,
        -1.0877137422564732e-11,
        -6.5228032826658588e-04,
        -4.7621613960913318e-04,
        -4.4126172803356319e-13,
        -4.6696068298219583e-03,
        -1.4728742685278658e-04,
        -1.0310857688056251e-11,
        -4.0769604545148826e-04,
        -1.5086616176863297e-03,
        -1.7874647443592757e-02,
        -1.2162979817269988e-03,
        -1.0411543173787256e-11,
         9.2347749953250338e-04,
         2.4765010578615783e-03
      ]
    ],
  "density_beta" :
    [
      [
         1.0716041059664492e+00,
         1.5622383931701672e-01,
         1.2184334642841656e-01,
        -3.9541623200644975e-11,
        -3.2290884030471152e-02,
         6.8506904901043254e-11,
        -6.2910094166007790e-11,
        -3.1541370911373642e-02,
         1.3102416504429125e-10,
        -1.9609041544039101e-03,
         4.0655631347879956e-12,
        -5.8275888405556427e-04,
         1.8825410428960545e-11,
         1.3448290842181376e-17,
         3.5005717247562892e-02,
        -6.4498253142817605e-03,
         1.6877492255818958e-12,
        -7.7351149322473552e-03,
         8.5418154994912118e-03,
         3.5005717173135026e-02,
        -6.4498258806694993e-03,
         1.6883222279983097e-12,
        -7.7351149168091732e-03,
        -8.5418154930163165e-03
      ], 
      [
         1.5622383931701672e-01,
         4.0706386130774330e-01,
         2.2422750550719359e-01,
        -8.4256574131060837e-11,
        -6.6585905907104198e-02,
         1.1713656934963567e-09,
        -1.3528993690014559e-10,
        -6.8701627657951070e-02,
         6.8675092064490609e-10,
        -7.0101971620870913e-03,
         9.6317795326357791e-12,
        -8.9852922478502384e-04,
         7.6726454159428527e-11,
        -1.0551139019012087e-17,
         6.6527320903464221e-02,
        -8.7666413009389512e-03,
         2.7145421330143759e-12,
        -1.2196708804730109e-02,
         1.2432815980304022e-02,
         6.6527321931742739e-02,
        -8.7666424894680302e-03,
         2.7150287557559747e-12,
        -1.2196708887148307e-02,
        -1.2432816046321772e-02
      ], 
      [
         1.2184334642841656e-01,
         2.2422750550719359e-01,
         1.5283555937942134e-01,
        -1.5032155772420197e-10,
        -1.3864335613250595e-01,
        -5.0706547464514923e-09,
        -1.7722749514568535e-10,
        -8.7394186306545565e-02,
        -8.8479272839946607e-10,
        -3.6528782564690622e-03,
        -2.7696639871937598e-12,
        -3.8827280805904408e-03,
        -8.5434153633132606e-11,
        -5.0187400035938275e-18,
        -4.7637839532004081e-03,
        -9.5565302181841397e-03,
         1.2853748728470678e-12,
        -7.3078495649672344e-03,
        -1.3085626219314604e-04,
        -4.7637898498557041e-03,
        -9.5565350168802313e-03,
         1.2856071735801653e-12,
        -7.3078486999774419e-03,
         1.3085693871477989e-04
      ], 
      [
        -3.9541623200644975e-11,
        -8.4256574131060837e-11,
        -1.5032155772420197e-10,
         4.0045353955901015e-19,
         3.8966988335240414e-10,
         3.2847536143739770e-17,
         4.0609602822806253e-19,
         1.9664994181629908e-10,
         9.0490564253381436e-18,
         7.7037273740247109e-13,
         2.7886739894660157e-20,
         1.2673069030842752e-11,
         8.9253999392627311e-19,
         1.8580878243231000e-27,
         1.4039294629472678e-10,
         1.8899508280926480e-11,
         2.9347491529768488e-22,
         4.3247062474267384e-12,
         2.3678451475736648e-11,
         1.4039298361270988e-10,
         1.8899525191771648e-11,
         2.9355421982008446e-22,
         4.3247015411820972e-12,
        -2.3678455049495753e-11
      ], 
      [
        -3.2290884030471152e-02,
        -6.6585905907104198e-02,
        -1.3864335613250595e-01,
         3.8966988335240414e-10,
         3.7978600546521218e-01,
        -5.9464264046028083e-10,
         3.9318727819740785e-10,
         1.9027286876490362e-01,
        -3.5136605329243032e-09,
         4.7896049051924139e-04,
         2.7749231703229074e-11,
         1.2401737168299978e-02,
        -3.1897891155049306e-10,
         2.0131777637202917e-19,
         1.4041677009660183e-01,
         1.8200164433267236e-02,
         3.9561893315299072e-13,
         3.7607517765454448e-03,
         2.3731151062908795e-02,
         1.4041676925751129e-01,
         1.8200177240398407e-02,
         3.9571556572971066e-13,
         3.7607508900751141e-03,
        -2.3731151953568251e-02
      ], 
      [
         6.8506904901043254e-11,
         1.1713656934963567e-09,
        -5.0706547464514923e-09,
         3.2847536143739770e-17,
        -5.9464264046028083e-10,
         3.1030552985692844e-01,
         2.1088939199905809e-17,
        -1.8484234992034962e-09,
         1.1723751764823417e-01,
         1.7846759601559578e-10,
        -5.4192267112206266e-19,
        -5.0240147280423385e-11,
         1.1306549090393289e-02,
         1.1425938211574280e-11,
        -1.7698370525757298e-01,
        -1.7659583323213216e-02,
        -2.7173933330441096e-12,
         1.7628223848848195e-02,
        -1.2360478061590664e-02,
         1.7698370541302508e-01,
         1.7659589510936012e-02,
         2.7173883078324313e-12,
        -1.7628224407981966e-02,
        -1.2360479029600174e-02
      ], 
      [
        -6.2910094166007790e-11,
        -1.3528993690014559e-10,
        -1.7722749514568535e-10,
         4.0609602822806253e-19,
         3.9318727819740785e-10,
         2.1088939199905809e-17,
         4.1821460578603854e-19,
         2.0292596548318727e-10,
         4.6186168492011934e-18,
         1.6552357923845719e-12,
         2.6291757873598512e-20,
         1.2625302677828733e-11,
         4.6365384159425648e-19,
         2.7061751721715574e-27,
         1.3002446484754267e-10,
         1.9789670867246508e-11,
        -6.0370989564395005e-23,
         5.8422445228773222e-12,
         2.1766152801430168e-11,
         1.3002448879393567e-10,
         1.9789686439055727e-11,
        -6.0356694231540469e-23,
         5.8422411587098433e-12,
        -2.1766155429561487e-11
      ], 
      [
        -3.1541370911373642e-02,
        -6.8701627657951070e-02,
        -8.7394186306545565e-02,
         1.9664994181629908e-10,
         1.9027286876490362e-01,
        -1.8484234992034962e-09,
         2.0292596548318727e-10,
         9.8489403293890304e-02,
        -2.3163404389389541e-09,
         8.5771145446412447e-04,
         1.2604854664171849e-11,
         6.0992613841589867e-03,
        -2.1468404508377916e-10,
         9.5430627936665917e-19,
         6.2178669195290255e-02,
         9.6219081900543596e-03,
        -5.1881002062562297e-14,
         2.9211016756521160e-03,
         1.0398107980019781e-02,
         6.2178667036346419e-02,
         9.6219143460276949e-03,
        -5.1878359657487110e-14,
         2.9211014181439307e-03,
        -1.0398108290427418e-02
      ], 
      [
         1.3102416504429125e-10,
         6.8675092064490609e-10,
        -8.8479272839946607e-10,
         9.0490564253381436e-18,
        -3.5136605329243032e-09,
         1.1723751764823417e-01,
         4.6186168492011934e-18,
        -2.3163404389389541e-09,
         4.4293878844689688e-02,
         6.9069241914546545e-11,
        -4.5728956103240186e-19,
        -1.2745410637355113e-10,
         4.2717632171646366e-03,
         4.3168700001727196e-12,
        -6.6866777009910422e-02,
        -6.6720234082960463e-03,
        -1.0266670103689283e-12,
         6.6601752101795968e-03,
        -4.6699516883202336e-03,
         6.6866774482154404e-02,
         6.6720254405070074e-03,
         1.0266651001801140e-12,
        -6.6601754668771133e-03,
        -4.6699516147114505e-03
      ], 
      [
        -1.9609041544039101e-03,
        -7.0101971620870913e-03,
        -3.6528782564690622e-03,
         7.7037273740247109e-13,
         4.7896049051924139e-04,
         1.7846759601559578e-10,
         1.6552357923845719e-12,
         8.5771145446412447e-04,
         6.9069241914546545e-11,
         1.2244252390497756e-04,
        -2.1831211744048592e-13,
        -6.7186153018894353e-06,
         6.4431048714835735e-12,
         2.0415041581621126e-19,
        -1.4108828295641912e-03,
         1.1865416828563652e-04,
        -4.7799069340151539e-14,
         2.0470504313231295e-04,
        -2.5774019220676158e-04,
        -1.4108826203274986e-03,
         1.1865418856609703e-04,
        -4.7807489004082662e-14,
         2.0470502368480958e-04,
         2.5774017919751762e-04
      ], 
      [
         4.0655631347879956e-12,
         9.6317795326357791e-12,
        -2.7696639871937598e-12,
         2.7886739894660157e-20,
         2.7749231703229074e-11,
        -5.4192267112206266e-19,
         2.6291757873598512e-20,
         1.2604854664171849e-11,
        -4.5728956103240186e-19,
        -2.1831211744048592e-13,
         2.5598458438611484e-21,
         9.5290288087659859e-13,
        -4.2133944125493751e-20,
        -3.7501262442557574e-28,
         1.3612406384302140e-11,
         1.1228854692843573e-12,
         1.3156888517648222e-22,
        -1.5093700812672301e-13,
         2.3461168384033797e-12,
         1.3612405742023274e-11,
         1.1228863827502423e-12,
         1.3159474768167831e-22,
        -1.5093702054811158e-13,
        -2.3461168688109344e-12
      ], 
      [
        -5.8275888405556427e-04,
        -8.9852922478502384e-04,
        -3.8827280805904408e-03,
         1.2673069030842752e-11,
         1.2401737168299978e-02,
        -5.0240147280423385e-11,
         1.2625302677828733e-11,
         6.0992613841589867e-03,
        -1.2745410637355113e-10,
        -6.7186153018894353e-06,
         9.5290288087659859e-13,
         4.0908984511241355e-04,
        -1.1597490399987629e-11,
        -2.8863527450104046e-20,
         4.8791741286393535e-03,
         5.7636572750349594e-04,
         2.1892329355782452e-14,
         8.5620288669754574e-05,
         8.2841267801653197e-04,
         4.8791740649960398e-03,
         5.7636614522226708e-04,
         2.1897103657028829e-14,
         8.5620262848436739e-05,
        -8.2841270508745082e-04
      ], 
      [
         1.8825410428960545e-11,
         7.6726454159428527e-11,
        -8.5434153633132606e-11,
         8.9253999392627311e-19,
        -3.1897891155049306e-10,
         1.1306549090393289e-02,
         4.6365384159425648e-19,
        -2.1468404508377916e-10,
         4.2717632171646366e-03,
         6.4431048714835735e-12,
        -4.2133944125493751e-20,
        -1.1597490399987629e-11,
         4.1197477979981620e-04,
         4.1632494062393736e-13,
        -6.4487248681265458e-03,
        -6.4345920677651126e-04,
        -9.9013192797956767e-14,
         6.4231655061837379e-04,
        -4.5037662735643763e-04,
         6.4487246455568765e-03,
         6.4345940426310398e-04,
         9.9013008818365856e-14,
        -6.4231657581206825e-04,
        -4.5037662393730254e-04
      ], 
      [
         1.3448290842181376e-17,
        -1.0551139019012087e-17,
        -5.0187400035938275e-18,
         1.8580878243231000e-27,
         2.0131777637202917e-19,
         1.1425938211574280e-11,
         2.7061751721715574e-27,
         9.5430627936665917e-19,
         4.3168700001727196e-12,
         2.0415041581621126e-19,
        -3.7501262442557574e-28,
        -2.8863527450104046e-20,
         4.1632494062393736e-13,
         4.2072103605465132e-22,
        -6.5168208425133787e-12,
        -6.5025355295947574e-13,
        -1.0005876394274826e-22,
         6.4909921721192660e-13,
        -4.5513262056543607e-13,
         6.5168165699360113e-12,
         6.5025400381195196e-13,
         1.0005845358998482e-22,
        -6.4909872185748522e-13,
        -4.5513194476524809e-13
      ], 
      [
         3.5005717247562892e-02,
         6.6527320903464221e-02,
        -4.7637839532004081e-03,
         1.4039294629472678e-10,
         1.4041677009660183e-01,
        -1.7698370525757298e-01,
         1.3002446484754267e-10,
         6.2178669195290255e-02,
        -6.6866777009910422e-02,
        -1.4108828295641912e-03,
         1.3612406384302140e-11,
         4.8791741286393535e-03,
        -6.4487248681265458e-03,
        -6.5168208425133787e-12,
         1.7401804814883659e-01,
         1.5482331929714545e-02,
         2.3458939000694844e-12,
        -1.1360030656608663e-02,
         1.9700316781848744e-02,
        -2.7868344118895494e-02,
        -4.6620610273532866e-03,
        -7.5369386146351725e-13,
         8.7485917445049490e-03,
        -5.6006438948034559e-03
      ], 
      [
        -6.4498253142817605e-03,
        -8.7666413009389512e-03,
        -9.5565302181841397e-03,
         1.8899508280926480e-11,
         1.8200164433267236e-02,
        -1.7659583323213216e-02,
         1.9789670867246508e-11,
         9.6219081900543596e-03,
        -6.6720234082960463e-03,
